3 0.782407 0.889933 0.016448 0.021667
1 0.278552 0.488403 0.019743 0.021236
1 0.443653 0.739920 0.019185 0.021525
1 0.822918 0.611519 0.020344 0.021333
1 0.594235 0.378419 0.020570 0.021884
3 0.703322 0.858845 0.017340 0.022349
1 0.357466 0.624659 0.020094 0.021733
3 0.354130 0.805041 0.015838 0.021155
3 0.551520 0.679980 0.018370 0.022406
3 0.431744 0.936160 0.017145 0.021773
1 0.738343 0.564617 0.021108 0.021862
3 0.215889 0.777693 0.016294 0.020559
1 0.666090 0.557200 0.020504 0.022202
3 0.866211 0.935977 0.016963 0.021994
3 0.656021 0.765233 0.016134 0.020917
0 0.550835 0.586873 0.007047 0.129612
4 0.913444 0.603014 0.019834 0.020520
0 0.215308 0.686428 0.006129 0.131036
0 0.702715 0.764203 0.006252 0.130233
0 0.276877 0.578084 0.005315 0.133977
0 0.736776 0.653066 0.005677 0.134009
0 0.821467 0.701148 0.005510 0.132340
0 0.664921 0.645609 0.006149 0.134517
0 0.865275 0.843513 0.005713 0.127201
0 0.431252 0.845544 0.006694 0.131612
0 0.782090 0.796754 0.007408 0.129234
0 0.592355 0.466925 0.006281 0.131333
