3 905.541321 550.448242 17.538086 14.180603
4 84.671455 99.160843 22.138672 13.082817
4 829.352356 151.550690 22.136230 12.616547
3 443.837616 326.657593 17.717346 13.746490
2 627.776245 438.414001 19.666321 14.253387
1 681.716675 114.663376 20.354980 12.713188
1 740.130249 181.864319 19.357361 12.633682
2 357.933502 270.672974 19.039856 14.108826
1 405.209076 110.974113 20.322388 12.632751
1 375.874756 92.439812 20.721222 12.741089
2 113.280258 296.468536 21.135750 14.778320
2 720.964417 393.625366 20.106934 14.350067
4 160.338165 69.729279 20.734848 11.585831
3 243.685059 360.136597 18.930679 13.967377
3 395.764587 274.001465 18.215240 13.554810
3 774.614197 445.878174 17.821899 13.963837
4 560.217529 69.489243 20.341187 11.660042
1 916.016541 369.382721 19.788940 13.319885
0 394.811584 196.300507 5.709839 118.276199
0 112.366806 219.647888 6.685181 120.309799
0 680.430359 191.767654 5.458008 126.113586
0 242.193985 283.035126 6.049316 119.612106
0 83.006271 174.520096 5.235146 122.620827
0 738.726196 257.934753 5.097107 124.017822
0 558.895752 146.177582 4.973877 125.520050
0 828.468872 228.897888 5.828125 126.651169
0 626.942383 359.780457 6.301636 122.422150
0 403.279785 188.725082 5.912354 127.994240
0 774.332764 366.911438 6.410339 120.236664
0 357.022156 193.387207 6.700500 118.308838
0 325.931274 143.871765 4.973175 122.442688
0 158.168030 145.214828 5.349869 124.530479
0 720.418335 314.547516 6.273987 123.036850
0 905.057495 471.691223 6.761902 122.147675
0 680.623779 190.213730 3.791565 127.609489
5 329.466583 78.503922 45.652405 26.672653
