1 0.644724 0.607384 0.021010 0.023036
2 0.652014 0.805162 0.019120 0.023033
2 0.735514 0.712694 0.018361 0.021889
2 0.684581 0.743999 0.018898 0.023314
3 0.286964 0.936491 0.018027 0.022223
4 0.715633 0.467808 0.021517 0.021473
2 0.147948 0.652753 0.019911 0.023713
4 0.677899 0.544279 0.021633 0.022840
2 0.443202 0.591577 0.017379 0.021644
3 0.033192 0.724950 0.017239 0.022460
2 0.913083 0.421249 0.018974 0.023300
4 0.439146 0.366922 0.022020 0.021854
1 0.159121 0.423469 0.020629 0.021200
3 0.598348 0.935853 0.017362 0.021100
4 0.873386 0.113224 0.021569 0.021984
1 0.108679 0.346280 0.019961 0.020531
0 0.597437 0.845160 0.005934 0.128133
0 0.713682 0.556323 0.006492 0.130182
0 0.285841 0.826772 0.006906 0.167364
0 0.643631 0.695061 0.006212 0.131299
0 0.684023 0.649237 0.007034 0.125330
0 0.872331 0.202632 0.006890 0.133966
0 0.676470 0.633243 0.005773 0.133500
0 0.651327 0.709788 0.007249 0.117893
0 0.032810 0.614888 0.006286 0.167809
0 0.158268 0.531620 0.007334 0.167167
0 0.149071 0.544658 0.007567 0.159006
0 0.107054 0.454101 0.005362 0.174135
0 0.735604 0.620817 0.006694 0.126289
