4 0.073390 0.162263 0.021497 0.020577
3 0.432111 0.533659 0.018934 0.023593
1 0.363955 0.150737 0.019977 0.020495
1 0.443671 0.260107 0.019592 0.020487
2 0.544133 0.744342 0.019115 0.023359
1 0.392882 0.181376 0.020262 0.019901
4 0.745409 0.253789 0.019730 0.019358
2 0.346051 0.442505 0.019345 0.023387
3 0.822533 0.936725 0.018681 0.023223
2 0.101535 0.484655 0.020689 0.023309
3 0.691370 0.757165 0.018940 0.023072
1 0.598537 0.191486 0.020109 0.020290
1 0.873451 0.421693 0.019708 0.020790
3 0.231940 0.588455 0.019018 0.022480
2 0.908706 0.872921 0.018224 0.023336
2 0.638103 0.667734 0.019552 0.023171
1 0.656395 0.306341 0.020014 0.020951
3 0.383440 0.448314 0.016937 0.022109
4 0.148428 0.113262 0.019203 0.018815
0 0.363055 0.272569 0.005596 0.204407
0 0.690674 0.622585 0.006000 0.209123
0 0.382509 0.325293 0.006733 0.196361
0 0.231104 0.463001 0.005799 0.196861
0 0.391625 0.303816 0.005964 0.198170
0 0.597366 0.322195 0.005447 0.217126
0 0.543831 0.608362 0.006255 0.208113
0 0.637257 0.533698 0.005631 0.205338
0 0.872491 0.549307 0.005241 0.210863
0 0.147024 0.235861 0.005195 0.202001
0 0.345363 0.316892 0.006497 0.193211
0 0.100876 0.358125 0.006553 0.192074
0 0.314611 0.235741 0.005552 0.201352
0 0.821654 0.802208 0.006389 0.209634
0 0.744399 0.385700 0.005290 0.216599
0 0.072056 0.285370 0.005417 0.198195
0 0.431247 0.409096 0.006359 0.190008
5 0.317439 0.129293 0.047026 0.043784
