4 0.885477 0.164242 0.021560 0.021367
4 0.176752 0.189055 0.021838 0.021891
4 0.025024 0.430143 0.022497 0.020822
1 0.563803 0.350471 0.021461 0.022012
2 0.032792 0.623247 0.019465 0.023963
1 0.764778 0.469210 0.021733 0.023474
2 0.218367 0.441278 0.020312 0.023391
2 0.593347 0.649102 0.019943 0.025387
2 0.778231 0.707950 0.019774 0.025098
2 0.891994 0.378259 0.019711 0.023861
1 0.241374 0.225215 0.023293 0.023217
3 0.686845 0.936469 0.018055 0.021592
3 0.310892 0.528345 0.019538 0.023108
4 0.913437 0.112729 0.019518 0.019920
4 0.443346 0.112718 0.020432 0.020260
1 0.601507 0.435412 0.021367 0.022652
0 0.175503 0.279611 0.006036 0.135242
0 0.023485 0.519593 0.006583 0.129683
0 0.310252 0.435878 0.007087 0.126583
0 0.763028 0.563322 0.005804 0.144351
0 0.032799 0.528608 0.007749 0.122494
0 0.239526 0.314806 0.005774 0.132758
0 0.779493 0.613105 0.007324 0.128655
0 0.883705 0.259504 0.006100 0.139113
0 0.686017 0.836501 0.007436 0.138530
0 0.892073 0.274319 0.006982 0.136246
0 0.217419 0.346303 0.007639 0.126792
0 0.599519 0.533944 0.006716 0.134689
0 0.592413 0.551768 0.007174 0.136591
