1 0.603694 0.378474 0.020434 0.021815
3 0.363214 0.805213 0.015784 0.021645
1 0.914216 0.635930 0.021792 0.024613
1 0.832149 0.611927 0.020866 0.022408
3 0.712988 0.858819 0.017490 0.022864
1 0.675691 0.557391 0.020873 0.022253
1 0.287040 0.488202 0.019302 0.020992
3 0.791317 0.890307 0.016940 0.021905
3 0.440489 0.936428 0.017017 0.022249
1 0.366303 0.624840 0.019860 0.021525
3 0.561044 0.680284 0.018394 0.022411
3 0.875652 0.936180 0.016737 0.022151
3 0.665643 0.765280 0.016430 0.021666
1 0.747747 0.564413 0.020235 0.021953
3 0.224766 0.777865 0.017216 0.020804
0 0.746402 0.652325 0.005344 0.134623
0 0.285640 0.578521 0.005155 0.133355
0 0.791090 0.797232 0.007211 0.127235
0 0.560057 0.586820 0.006073 0.127304
0 0.224182 0.685789 0.006152 0.129586
0 0.830294 0.700111 0.005822 0.132698
0 0.674394 0.645714 0.005393 0.133436
0 0.602093 0.468279 0.005719 0.133920
0 0.711760 0.765668 0.006735 0.128796
0 0.665088 0.673329 0.006807 0.127898
