3 0.247043 0.790850 0.018848 0.023308
2 0.849998 0.800554 0.019685 0.024396
1 0.207719 0.228848 0.020249 0.019883
1 0.258196 0.364030 0.020897 0.021782
2 0.670472 0.887122 0.018135 0.023835
4 0.373276 0.238222 0.022248 0.021155
1 0.913544 0.213604 0.020326 0.021939
2 0.416803 0.822056 0.019468 0.023075
2 0.160851 0.635214 0.018975 0.022954
3 0.197696 0.645523 0.018081 0.022779
3 0.300130 0.936445 0.018909 0.023141
1 0.178665 0.176493 0.020366 0.020607
1 0.443640 0.322153 0.019527 0.020894
3 0.046724 0.884912 0.019012 0.022908
1 0.633923 0.436379 0.020956 0.020945
4 0.769324 0.113872 0.020444 0.019702
3 0.586433 0.935513 0.016955 0.021724
0 0.129299 0.301719 0.006786 0.342546
0 0.632403 0.563062 0.005433 0.207416
0 0.160357 0.441604 0.007789 0.342522
0 0.197431 0.448050 0.006929 0.336161
0 0.371534 0.426404 0.006463 0.348169
0 0.257727 0.551478 0.006029 0.334094
0 0.245597 0.598394 0.007644 0.345983
0 0.585690 0.806901 0.006731 0.203889
0 0.046095 0.693235 0.008042 0.329302
0 0.849502 0.669823 0.007092 0.204183
0 0.298585 0.742071 0.007129 0.331130
0 0.669967 0.756426 0.006985 0.204216
0 0.205761 0.414392 0.006988 0.348451
0 0.177574 0.364021 0.006723 0.332304
0 0.415849 0.628725 0.007306 0.349413
0 0.767550 0.240392 0.005106 0.209937
5 0.132836 0.129508 0.043156 0.037437
