1 0.914008 0.237477 0.020309 0.023150
1 0.619048 0.606925 0.020529 0.022887
2 0.658914 0.743823 0.018700 0.023050
4 0.689572 0.467526 0.022550 0.022189
2 0.136683 0.652914 0.020170 0.023449
2 0.710226 0.713196 0.016999 0.021268
2 0.443404 0.616057 0.019087 0.024730
4 0.652482 0.544825 0.022390 0.022372
3 0.021814 0.724394 0.017374 0.022075
4 0.428106 0.366638 0.022106 0.021678
3 0.275839 0.936548 0.017765 0.022503
2 0.625953 0.805579 0.018638 0.022072
1 0.097708 0.346121 0.020263 0.021079
2 0.899403 0.459738 0.019957 0.024102
4 0.848479 0.113735 0.021955 0.022593
1 0.148479 0.423675 0.021189 0.021632
3 0.572757 0.935729 0.016628 0.021211
0 0.650823 0.633203 0.005949 0.129856
0 0.846259 0.202872 0.006147 0.133335
0 0.426430 0.473107 0.006047 0.167358
0 0.658390 0.647648 0.007983 0.120627
0 0.021412 0.614234 0.006609 0.164355
0 0.095779 0.453782 0.006036 0.171921
0 0.618372 0.695068 0.006136 0.129480
0 0.275073 0.826579 0.007348 0.166813
0 0.709592 0.617460 0.008165 0.120792
0 0.138518 0.546761 0.007199 0.160162
0 0.147101 0.530628 0.006333 0.167131
0 0.571673 0.845414 0.005903 0.129464
0 0.898561 0.365736 0.007323 0.125871
0 0.688340 0.557438 0.007495 0.128532
0 0.626011 0.708107 0.007880 0.123547
