3 0.913089 0.655072 0.017487 0.021762
2 0.443069 0.842610 0.018686 0.023004
4 0.412720 0.623991 0.021170 0.021219
4 0.776171 0.221581 0.021757 0.020024
1 0.108587 0.456785 0.019784 0.021325
3 0.324212 0.937103 0.017918 0.022508
4 0.549394 0.297559 0.020856 0.020214
1 0.619757 0.492358 0.019275 0.022799
3 0.184431 0.750598 0.016126 0.021656
1 0.273857 0.686475 0.021017 0.022156
3 0.046465 0.725278 0.017046 0.021982
3 0.665616 0.936067 0.016413 0.021709
1 0.187428 0.580365 0.019963 0.021456
3 0.262634 0.871000 0.016801 0.021175
3 0.604478 0.784492 0.016730 0.021054
2 0.798940 0.556751 0.018641 0.022945
4 0.845892 0.113621 0.019666 0.020003
0 0.323392 0.850182 0.006320 0.119494
0 0.261858 0.785809 0.006647 0.117400
0 0.045942 0.637641 0.006401 0.119855
0 0.411079 0.707978 0.005163 0.120241
0 0.604211 0.665751 0.006696 0.177307
0 0.774678 0.336133 0.005109 0.184708
0 0.618273 0.606035 0.005083 0.179859
0 0.272419 0.770281 0.005349 0.122959
0 0.665273 0.818661 0.006256 0.179396
0 0.798594 0.438183 0.005743 0.172509
0 0.548339 0.411492 0.004450 0.184858
0 0.107033 0.541621 0.004908 0.123489
0 0.272438 0.771813 0.007584 0.123612
