2 0.633152 0.530319 0.020588 0.023502
1 0.915388 0.683964 0.018472 0.022693
3 0.443078 0.936188 0.016981 0.022040
2 0.304408 0.652390 0.020028 0.024423
1 0.680665 0.225027 0.020163 0.022422
3 0.189365 0.725186 0.017081 0.021704
3 0.887394 0.936149 0.017440 0.022197
1 0.315954 0.423549 0.020215 0.021119
3 0.756160 0.640553 0.017655 0.022870
1 0.777034 0.410484 0.021929 0.024058
4 0.556899 0.113888 0.020388 0.020509
1 0.265021 0.346301 0.019892 0.020493
0 0.886442 0.848096 0.006569 0.123848
4 0.020221 0.113653 0.020013 0.019044
0 0.555199 0.200863 0.004877 0.128663
0 0.019176 0.221957 0.005678 0.170011
0 0.678820 0.310974 0.005066 0.128810
0 0.634987 0.443469 0.006314 0.114536
0 0.314666 0.532973 0.006529 0.167891
0 0.305638 0.544238 0.007040 0.160958
0 0.188706 0.614784 0.007134 0.167953
0 0.755818 0.549714 0.006486 0.120480
0 0.263281 0.453229 0.004950 0.172478
0 0.774611 0.496546 0.006003 0.127034
