3 0.065981 0.621283 0.017766 0.022409
2 0.912866 0.922122 0.017905 0.023112
3 0.866395 0.937029 0.018449 0.023026
1 0.892480 0.684126 0.019805 0.022601
3 0.798223 0.810688 0.016440 0.020694
1 0.762074 0.520715 0.019547 0.021349
3 0.443128 0.935750 0.017706 0.022380
1 0.115437 0.251622 0.021014 0.021833
3 0.201115 0.722365 0.018490 0.022141
3 0.745168 0.744732 0.018337 0.022797
1 0.282354 0.262943 0.022217 0.022286
1 0.810856 0.601895 0.019511 0.021010
4 0.595690 0.114256 0.018896 0.020035
0 0.744491 0.654620 0.006920 0.121534
0 0.760004 0.606103 0.005673 0.129063
0 0.065471 0.496786 0.006796 0.193707
0 0.200025 0.598752 0.007476 0.191257
0 0.538846 0.373656 0.005490 0.121222
0 0.113541 0.371740 0.005968 0.198726
0 0.891496 0.770318 0.005053 0.128462
0 0.798490 0.722041 0.006347 0.125210
0 0.865353 0.846256 0.006099 0.119830
5 0.540668 0.461899 0.034152 0.049116
