1 0.153001 0.272252 0.020853 0.020651
3 0.103893 0.689822 0.018005 0.022196
1 0.875503 0.599841 0.018814 0.021064
2 0.593487 0.520185 0.019209 0.023592
1 0.320323 0.285764 0.021928 0.021633
3 0.443237 0.935988 0.017037 0.021564
1 0.624272 0.228832 0.019933 0.022036
1 0.561381 0.202389 0.020001 0.020341
3 0.237926 0.806125 0.017809 0.021494
3 0.859335 0.857112 0.017680 0.022030
3 0.912939 0.935654 0.015922 0.021889
4 0.710523 0.114108 0.018821 0.019864
0 0.237209 0.667607 0.006869 0.219100
0 0.859414 0.756391 0.006458 0.151337
0 0.151291 0.405145 0.006339 0.225676
0 0.653536 0.418469 0.006229 0.145564
0 0.560004 0.300926 0.005074 0.152737
0 0.318677 0.419740 0.006548 0.225173
0 0.103170 0.553489 0.007034 0.220361
0 0.708961 0.211493 0.005115 0.151425
0 0.593030 0.417435 0.007462 0.142524
5 0.655756 0.519235 0.038501 0.051896
