4 0.201220 0.162546 0.022445 0.021847
4 0.913040 0.112856 0.019277 0.019816
2 0.677724 0.735908 0.020107 0.024568
2 0.229647 0.484952 0.020584 0.023182
1 0.705520 0.370597 0.021214 0.021835
2 0.803235 0.869931 0.018146 0.023455
3 0.775457 0.936128 0.016972 0.021967
4 0.275880 0.113960 0.020185 0.020335
1 0.796948 0.604065 0.020680 0.021426
4 0.596630 0.114066 0.020370 0.019933
3 0.359438 0.588378 0.018961 0.022630
0 0.199654 0.284902 0.005977 0.200364
0 0.677049 0.613588 0.006487 0.181793
0 0.359130 0.462384 0.007248 0.195367
0 0.228360 0.358881 0.007165 0.192755
0 0.795406 0.719132 0.005192 0.184757
0 0.275038 0.236218 0.006200 0.201218
0 0.774704 0.816881 0.006356 0.182239
0 0.802975 0.748306 0.005823 0.176996
0 0.705215 0.486909 0.005975 0.187786
5 0.443201 0.122641 0.042630 0.050665
