2 0.385624 0.752339 0.019540 0.024614
2 0.443577 0.690636 0.019289 0.023508
1 0.423626 0.330049 0.020718 0.021522
2 0.884957 0.855557 0.019847 0.025161
1 0.904533 0.559959 0.020747 0.023342
2 0.913313 0.815588 0.019222 0.026223
1 0.638330 0.276267 0.020728 0.022908
2 0.624150 0.551623 0.018899 0.022739
3 0.134812 0.936408 0.017348 0.022048
1 0.825708 0.397287 0.021083 0.022958
3 0.749929 0.935980 0.017520 0.022586
4 0.572516 0.113074 0.019897 0.019510
4 0.286802 0.113771 0.021023 0.021230
0 0.902369 0.668668 0.006201 0.171761
0 0.636743 0.382160 0.006238 0.168693
0 0.285740 0.262471 0.007006 0.253300
0 0.823543 0.506088 0.006089 0.173177
0 0.385090 0.601447 0.006466 0.245733
0 0.623399 0.438165 0.008061 0.163422
0 0.422335 0.475212 0.005600 0.250691
0 0.571393 0.222223 0.006275 0.169307
0 0.884401 0.742144 0.007680 0.165346
0 0.133820 0.786567 0.007022 0.245547
0 0.748992 0.824902 0.007606 0.166578
