2 0.728715 0.740151 0.018858 0.023485
2 0.780411 0.708382 0.018420 0.023269
4 0.759549 0.458669 0.021219 0.021993
1 0.689251 0.600889 0.020735 0.022113
3 0.042070 0.725312 0.017705 0.022788
2 0.695954 0.803069 0.019250 0.024315
3 0.295292 0.936199 0.017764 0.021797
3 0.642363 0.936000 0.017088 0.022306
4 0.443610 0.376185 0.021518 0.020861
2 0.156611 0.653007 0.019804 0.023288
4 0.913512 0.112749 0.021017 0.020536
1 0.532291 0.382370 0.022589 0.024374
1 0.168103 0.423340 0.020672 0.021487
4 0.721978 0.538024 0.021729 0.022064
1 0.117077 0.346102 0.020066 0.020540
0 0.041488 0.613832 0.006795 0.165815
0 0.166836 0.530975 0.006977 0.168653
0 0.294657 0.827144 0.006832 0.165788
0 0.720312 0.629164 0.006208 0.133995
0 0.728132 0.642903 0.007633 0.121083
0 0.116159 0.453585 0.005654 0.172636
0 0.779532 0.612569 0.007734 0.126138
0 0.758258 0.548808 0.005652 0.132837
0 0.695877 0.707736 0.007113 0.122446
0 0.642036 0.842820 0.006175 0.131383
0 0.158130 0.545033 0.006754 0.160843
0 0.529078 0.470931 0.005418 0.133052
