3 0.753724 0.865305 0.017196 0.022628
2 0.779928 0.858398 0.018360 0.022972
1 0.902094 0.661806 0.020904 0.022848
4 0.820480 0.573173 0.021778 0.021326
1 0.676153 0.415960 0.019838 0.021582
1 0.769183 0.637266 0.019988 0.021945
3 0.372618 0.816376 0.017659 0.021040
3 0.443094 0.936138 0.016974 0.022339
2 0.912818 0.881520 0.017668 0.023281
3 0.631010 0.745937 0.017933 0.021367
3 0.873754 0.936182 0.017530 0.022393
1 0.232266 0.388380 0.019588 0.022107
1 0.382111 0.588850 0.019951 0.021210
2 0.256229 0.652156 0.019444 0.022313
3 0.178697 0.717108 0.018509 0.023320
1 0.280598 0.398080 0.019353 0.020159
0 0.753843 0.769927 0.007049 0.129520
0 0.900791 0.751921 0.005856 0.134211
0 0.872508 0.841996 0.006868 0.131315
0 0.230928 0.494716 0.005787 0.166123
0 0.629972 0.651733 0.006129 0.132506
0 0.371987 0.707914 0.006724 0.161872
0 0.257717 0.546157 0.006906 0.155246
0 0.779476 0.761068 0.006788 0.131154
0 0.674159 0.504621 0.004730 0.137019
0 0.380555 0.693163 0.006037 0.166774
0 0.767511 0.726990 0.005446 0.135337
0 0.818961 0.664630 0.005156 0.137898
0 0.278920 0.501374 0.004965 0.163954
0 0.178278 0.609469 0.007344 0.160850
