3 0.284124 0.750658 0.016651 0.022010
4 0.913365 0.368916 0.019474 0.019578
1 0.207945 0.456881 0.019528 0.021663
4 0.736406 0.190374 0.019926 0.019860
1 0.287176 0.580639 0.019410 0.020690
3 0.423376 0.936701 0.016857 0.021984
1 0.443887 0.737181 0.020436 0.022419
1 0.806222 0.421346 0.019201 0.020709
3 0.689000 0.705659 0.016804 0.021952
3 0.852590 0.936258 0.016862 0.021918
3 0.145519 0.725979 0.017337 0.021091
3 0.604587 0.628928 0.017368 0.022052
3 0.791162 0.756717 0.016195 0.021593
3 0.361533 0.870644 0.016697 0.021277
1 0.373085 0.686675 0.021119 0.022654
1 0.645029 0.204482 0.020380 0.019902
1 0.561639 0.126240 0.019397 0.019046
0 0.144667 0.639009 0.006424 0.120096
0 0.371545 0.768665 0.006193 0.120894
0 0.206096 0.540685 0.005016 0.120758
0 0.851549 0.802561 0.006449 0.209401
0 0.804754 0.550689 0.005201 0.214735
0 0.604049 0.494432 0.007133 0.207049
0 0.643556 0.333919 0.005455 0.215298
0 0.422538 0.850169 0.005799 0.118061
0 0.560123 0.256841 0.005078 0.219102
0 0.735530 0.321748 0.005302 0.216396
0 0.790914 0.622671 0.006832 0.209158
0 0.360703 0.783365 0.006843 0.121973
3 0.526732 0.576808 0.014204 0.022646
0 0.688589 0.572761 0.006870 0.211373
