3 0.330729 0.762860 0.017337 0.022334
3 0.894556 0.936737 0.017749 0.022979
1 0.117758 0.325049 0.020658 0.021870
3 0.568020 0.519978 0.018589 0.022781
3 0.443572 0.936973 0.016872 0.023741
3 0.419859 0.905379 0.015102 0.022088
3 0.800855 0.864134 0.017992 0.022348
2 0.141298 0.541037 0.019607 0.021792
1 0.595796 0.214183 0.020756 0.022159
1 0.838371 0.521703 0.019920 0.021677
1 0.335665 0.583201 0.019546 0.022631
3 0.626727 0.529184 0.016686 0.020878
4 0.666558 0.176586 0.020067 0.020721
3 0.258389 0.667401 0.017474 0.022215
1 0.267552 0.479767 0.020633 0.021853
3 0.064129 0.590391 0.018423 0.022793
1 0.913426 0.666226 0.020335 0.023058
1 0.423421 0.730024 0.019976 0.021832
1 0.166305 0.333050 0.019286 0.020644
0 0.257422 0.579008 0.006418 0.127101
0 0.800170 0.761211 0.006752 0.150987
0 0.566731 0.416441 0.007212 0.149087
0 0.893805 0.832950 0.006842 0.148463
0 0.142809 0.451758 0.007270 0.121610
0 0.164570 0.420169 0.005836 0.130058
0 0.266402 0.568121 0.006073 0.130920
0 0.665029 0.277833 0.005384 0.153654
0 0.837271 0.619854 0.005194 0.153585
0 0.116167 0.412406 0.005319 0.131110
0 0.063453 0.501081 0.007410 0.126812
0 0.594944 0.313655 0.006674 0.154596
0 0.625691 0.426344 0.007543 0.150548
