2 0.913030 0.916695 0.018680 0.023714
2 0.646796 0.567075 0.018349 0.022054
2 0.588826 0.598030 0.019250 0.022754
3 0.828799 0.936020 0.017194 0.022435
1 0.439819 0.675615 0.019018 0.020267
1 0.338015 0.450180 0.019149 0.019383
1 0.873749 0.524230 0.019013 0.020754
1 0.289513 0.438376 0.020115 0.021508
3 0.430199 0.936181 0.017408 0.022250
1 0.626770 0.257314 0.020063 0.021307
3 0.235307 0.818326 0.018066 0.021831
2 0.312916 0.741989 0.019653 0.022139
4 0.696597 0.133479 0.020462 0.020571
4 0.062487 0.113639 0.019981 0.019081
0 0.695436 0.244572 0.005412 0.172937
0 0.590428 0.489627 0.005909 0.157288
0 0.527308 0.221993 0.004795 0.170370
0 0.429283 0.814572 0.006215 0.187938
0 0.828299 0.823645 0.005960 0.170271
0 0.314626 0.621794 0.006713 0.184539
0 0.336484 0.569558 0.005988 0.195187
0 0.872428 0.632441 0.004658 0.172481
0 0.287966 0.557855 0.005066 0.194389
0 0.235750 0.696470 0.006236 0.188917
0 0.646546 0.453476 0.006447 0.167204
1 0.529026 0.114142 0.018424 0.017965
0 0.060617 0.233410 0.005394 0.194430
