4 0.876024 0.373613 0.021348 0.020396
3 0.025486 0.496758 0.016118 0.022077
2 0.913121 0.845152 0.017569 0.023836
1 0.731803 0.427547 0.020191 0.020697
3 0.165497 0.751873 0.018051 0.023846
1 0.441548 0.688513 0.020202 0.022580
4 0.253974 0.342892 0.020678 0.020627
1 0.115099 0.429068 0.020709 0.022367
1 0.790156 0.492461 0.020036 0.021755
1 0.570109 0.283259 0.019516 0.020653
1 0.657369 0.348022 0.020340 0.020723
3 0.103234 0.661908 0.018383 0.022576
3 0.822106 0.936212 0.015980 0.021226
3 0.422961 0.936331 0.016277 0.021297
3 0.584168 0.623524 0.017129 0.021583
4 0.607765 0.230693 0.019639 0.019654
3 0.641823 0.688756 0.015731 0.020369
3 0.766050 0.884020 0.016983 0.021874
1 0.029135 0.283669 0.019051 0.020978
3 0.701314 0.857770 0.016856 0.021070
0 0.113753 0.533131 0.006717 0.158590
0 0.765282 0.747136 0.006389 0.212528
3 0.563248 0.584909 0.018300 0.025899
0 0.788740 0.623684 0.005483 0.218337
0 0.729974 0.557342 0.005467 0.218357
0 0.700042 0.722619 0.005940 0.210836
0 0.606581 0.364520 0.005665 0.219565
0 0.252470 0.449204 0.005691 0.164497
0 0.422687 0.827788 0.005743 0.164589
0 0.583433 0.488421 0.006402 0.205520
0 0.821625 0.800990 0.005926 0.213047
0 0.569474 0.414389 0.004705 0.218094
0 0.641994 0.554229 0.006269 0.213594
0 0.164592 0.644258 0.007179 0.161598
0 0.102726 0.554198 0.007582 0.160431
