2 0.015885 0.530696 0.017839 0.022995
1 0.727222 0.275953 0.021408 0.022871
1 0.913910 0.397463 0.020327 0.022849
2 0.712708 0.551602 0.019319 0.023162
1 0.026747 0.225374 0.020833 0.021411
2 0.405310 0.758968 0.019012 0.023904
3 0.838685 0.936272 0.017423 0.022194
1 0.443835 0.351516 0.020528 0.021864
3 0.154556 0.936363 0.017960 0.022091
4 0.307688 0.143365 0.022121 0.020885
4 0.661434 0.113711 0.019944 0.021098
0 0.153686 0.790508 0.008228 0.237992
0 0.660148 0.222598 0.006276 0.171391
0 0.025318 0.368374 0.007680 0.239700
0 0.725484 0.383530 0.006271 0.171398
0 0.711440 0.437264 0.008243 0.163958
0 0.016589 0.385813 0.007783 0.224793
0 0.405247 0.612924 0.007530 0.239788
0 0.305685 0.285837 0.006951 0.242507
0 0.837530 0.825317 0.006277 0.167262
