1 0.862280 0.529116 0.019081 0.021491
3 0.359166 0.936464 0.017343 0.021828
2 0.882376 0.798575 0.018161 0.023438
1 0.412638 0.497813 0.019811 0.021326
1 0.443829 0.568224 0.019852 0.021191
1 0.763957 0.408162 0.019644 0.021649
3 0.663494 0.936683 0.017464 0.022677
2 0.436594 0.845769 0.018620 0.023712
2 0.824804 0.824067 0.019965 0.025186
3 0.048244 0.818083 0.018368 0.022133
4 0.913695 0.493810 0.020154 0.020228
4 0.185263 0.113370 0.020125 0.020256
0 0.184349 0.250048 0.005775 0.228203
0 0.411281 0.634410 0.005412 0.228600
0 0.762778 0.504195 0.005369 0.149811
0 0.358960 0.795462 0.007551 0.223859
0 0.882117 0.696748 0.006680 0.140850
0 0.826682 0.727101 0.006891 0.133399
0 0.662859 0.837200 0.006179 0.142286
0 0.048463 0.679349 0.006283 0.223690
0 0.860874 0.623914 0.006542 0.150226
