1 0.300865 0.415954 0.020005 0.020680
3 0.198227 0.751509 0.018512 0.023358
1 0.808808 0.456357 0.019904 0.021696
1 0.401787 0.618070 0.020284 0.020934
2 0.912647 0.929148 0.018094 0.022697
2 0.275714 0.682326 0.019616 0.022533
3 0.886642 0.936106 0.017071 0.022838
1 0.561091 0.233671 0.019687 0.021285
1 0.251855 0.405503 0.020598 0.021455
3 0.763898 0.808092 0.018431 0.022688
3 0.443163 0.936222 0.017876 0.022128
1 0.902151 0.695178 0.019297 0.022024
2 0.581559 0.500515 0.018495 0.022497
3 0.392394 0.857008 0.016633 0.020858
0 0.886479 0.835427 0.006184 0.134886
4 0.631432 0.129602 0.021274 0.021992
4 0.024780 0.114020 0.019851 0.018727
0 0.580894 0.399488 0.006433 0.137504
0 0.023641 0.223283 0.005277 0.172811
0 0.277058 0.571288 0.006817 0.167620
0 0.629687 0.226865 0.005427 0.147313
0 0.763171 0.708852 0.006044 0.143138
0 0.900761 0.793483 0.005371 0.138979
0 0.197538 0.637320 0.006973 0.171089
0 0.391949 0.745428 0.005609 0.168970
0 0.807081 0.550583 0.005103 0.144693
0 0.560062 0.328359 0.005490 0.146913
0 0.400045 0.729004 0.006329 0.173361
0 0.298865 0.526885 0.005857 0.174474
