3 0.539742 0.773563 0.016915 0.021985
4 0.691871 0.186560 0.020724 0.020932
1 0.850786 0.494080 0.020267 0.021991
2 0.661020 0.501532 0.018957 0.022752
3 0.807964 0.836840 0.018374 0.021786
3 0.912681 0.935892 0.015791 0.021289
1 0.416918 0.690849 0.020376 0.021844
1 0.337650 0.536933 0.019899 0.020989
3 0.275434 0.856011 0.016428 0.021537
3 0.413031 0.885988 0.016304 0.021367
1 0.636019 0.205158 0.020204 0.021334
3 0.442956 0.936344 0.015049 0.020150
0 0.660379 0.397862 0.006262 0.144995
0 0.538934 0.670570 0.005665 0.148044
0 0.807305 0.733412 0.006174 0.150946
0 0.690541 0.287061 0.005629 0.152753
0 0.336365 0.634463 0.005043 0.150327
0 0.634780 0.304714 0.006177 0.155461
0 0.848854 0.594231 0.004631 0.153513
0 0.275104 0.756470 0.006576 0.146198
