4 0.673537 0.221679 0.022093 0.020538
3 0.267139 0.937002 0.017185 0.022210
1 0.908998 0.645257 0.019693 0.021511
3 0.815252 0.676930 0.017600 0.021671
1 0.216254 0.528847 0.019724 0.021171
4 0.355601 0.416399 0.021770 0.020701
2 0.696684 0.557386 0.019548 0.023330
3 0.894055 0.935998 0.016853 0.021948
1 0.827227 0.395540 0.019612 0.021666
1 0.130561 0.338059 0.019030 0.020997
3 0.205071 0.818194 0.017186 0.021786
1 0.050960 0.114426 0.018873 0.019158
3 0.127503 0.601770 0.016335 0.021424
4 0.743270 0.114093 0.019458 0.020663
3 0.562920 0.935502 0.015352 0.020203
0 0.742029 0.227611 0.005451 0.181831
0 0.215127 0.657796 0.006497 0.212779
0 0.893753 0.817374 0.006309 0.177603
0 0.695163 0.438257 0.006255 0.173571
0 0.672437 0.336395 0.005730 0.182170
0 0.049860 0.242404 0.005093 0.215285
0 0.825935 0.507692 0.005557 0.177940
0 0.354006 0.547100 0.005742 0.215234
0 0.266153 0.804166 0.006131 0.211449
0 0.204347 0.685862 0.007570 0.208380
0 0.813925 0.559392 0.006827 0.172157
5 0.443681 0.933183 0.040824 0.051315
