3 0.834031 0.903781 0.016811 0.022639
3 0.681868 0.713662 0.018673 0.022644
1 0.724583 0.394975 0.019863 0.021669
2 0.534635 0.407002 0.018833 0.023778
3 0.787001 0.803777 0.017284 0.021446
3 0.378521 0.824863 0.017139 0.022599
3 0.442873 0.936192 0.017009 0.021189
3 0.240586 0.797507 0.017270 0.021529
3 0.912627 0.935739 0.016081 0.021749
1 0.796790 0.585581 0.020918 0.022063
1 0.302730 0.500476 0.019428 0.021291
1 0.381681 0.641456 0.020209 0.021712
1 0.868969 0.593388 0.020177 0.021041
4 0.566257 0.113695 0.018126 0.018895
0 0.534435 0.308157 0.006248 0.134366
0 0.867587 0.686612 0.004689 0.142122
0 0.722744 0.487843 0.005302 0.140831
0 0.832656 0.805955 0.005882 0.136481
0 0.301100 0.591343 0.005148 0.136503
0 0.786068 0.708788 0.006713 0.132184
0 0.239963 0.702466 0.006082 0.133097
0 0.681455 0.616146 0.006999 0.137828
0 0.795083 0.677107 0.006124 0.139998
0 0.564558 0.208029 0.005349 0.143500
