2 0.279697 0.635353 0.018346 0.022205
2 0.866215 0.887493 0.018595 0.023762
1 0.829243 0.443840 0.021286 0.022652
3 0.642578 0.765827 0.019150 0.023206
4 0.913518 0.393358 0.020243 0.020722
1 0.694136 0.272565 0.020315 0.020408
1 0.443825 0.467671 0.021233 0.022691
1 0.376926 0.363801 0.021489 0.021303
3 0.317208 0.645089 0.018041 0.022099
3 0.365671 0.791110 0.018863 0.023492
2 0.035569 0.708018 0.018791 0.022353
1 0.297894 0.176511 0.020796 0.020565
3 0.418983 0.936391 0.018656 0.022732
3 0.166066 0.884980 0.019318 0.023025
3 0.782622 0.936383 0.017438 0.022042
1 0.326811 0.229290 0.020447 0.020361
4 0.081909 0.113620 0.018991 0.018725
4 0.566301 0.113448 0.019523 0.019088
0 0.296737 0.367223 0.006008 0.340201
0 0.034367 0.513313 0.007008 0.324817
0 0.417721 0.736162 0.008096 0.334194
0 0.164984 0.694194 0.006093 0.327479
0 0.080449 0.301900 0.006240 0.340530
0 0.325000 0.422124 0.006478 0.347208
0 0.828591 0.570243 0.005767 0.205425
0 0.364842 0.591609 0.006774 0.333092
0 0.316815 0.440238 0.006416 0.307963
0 0.642049 0.635239 0.005834 0.200655
0 0.692824 0.396301 0.005247 0.206421
0 0.248629 0.303972 0.006585 0.341482
0 0.279618 0.438309 0.007335 0.334225
0 0.865588 0.758520 0.006031 0.199533
0 0.564445 0.238405 0.005719 0.205614
0 0.376017 0.552842 0.007347 0.345296
5 0.252113 0.129043 0.042743 0.040267
