1 0.910983 0.225928 0.020898 0.021699
2 0.850002 0.800557 0.019685 0.024403
3 0.247060 0.790839 0.018932 0.023389
1 0.258303 0.364043 0.020963 0.021830
1 0.207702 0.228835 0.020229 0.019807
4 0.373299 0.238324 0.022501 0.021325
2 0.670472 0.887124 0.018141 0.023842
2 0.160856 0.635199 0.018981 0.022963
2 0.416808 0.822054 0.019509 0.023113
3 0.197720 0.645509 0.018045 0.022703
3 0.300129 0.936444 0.018911 0.023144
1 0.178668 0.176485 0.020384 0.020570
1 0.441251 0.332949 0.020235 0.021018
3 0.046723 0.884910 0.019008 0.022905
1 0.633636 0.436459 0.020178 0.022411
4 0.769330 0.114000 0.020704 0.019976
3 0.586435 0.935514 0.016960 0.021727
0 0.129308 0.302018 0.006780 0.341735
0 0.371498 0.426420 0.006850 0.348447
0 0.197445 0.448129 0.006913 0.334118
0 0.160374 0.442399 0.007884 0.338485
0 0.632481 0.562950 0.006669 0.206901
0 0.257712 0.551320 0.006173 0.334330
0 0.245600 0.598245 0.007741 0.344633
0 0.849496 0.669912 0.007440 0.204035
0 0.046100 0.693421 0.008011 0.328727
0 0.585705 0.806872 0.006942 0.204005
0 0.298604 0.742129 0.007414 0.331124
0 0.670007 0.756297 0.007276 0.202841
0 0.415932 0.628427 0.007990 0.350935
0 0.205773 0.414395 0.007060 0.348048
0 0.177563 0.364332 0.006691 0.332858
0 0.767640 0.240572 0.005364 0.210287
5 0.132890 0.129520 0.043204 0.037413
