2 0.591194 0.454024 0.019019 0.023592
2 0.912884 0.442210 0.018753 0.024026
4 0.664143 0.162854 0.022446 0.021859
4 0.337917 0.167619 0.022388 0.021256
4 0.558989 0.216682 0.021122 0.020426
1 0.614985 0.242187 0.019785 0.021342
1 0.062234 0.465086 0.020423 0.021502
2 0.443228 0.446457 0.019000 0.022829
4 0.412578 0.119510 0.021417 0.020969
1 0.726372 0.242227 0.020240 0.021413
3 0.145936 0.936310 0.018034 0.021630
3 0.761316 0.485250 0.018241 0.021355
2 0.365964 0.488042 0.020062 0.023565
3 0.030254 0.791143 0.017636 0.021405
4 0.846118 0.113979 0.021808 0.021744
3 0.710323 0.435505 0.017499 0.023257
2 0.622303 0.412072 0.017591 0.023953
0 0.760442 0.405454 0.005718 0.101004
0 0.144571 0.811663 0.006885 0.193010
0 0.590224 0.374882 0.006378 0.101510
0 0.613593 0.317331 0.005369 0.106620
0 0.336330 0.289653 0.005766 0.197153
0 0.364941 0.363145 0.006751 0.191686
0 0.411187 0.242827 0.004961 0.200764
0 0.557415 0.292958 0.004834 0.106213
0 0.725553 0.317858 0.005188 0.107035
0 0.709638 0.356861 0.005767 0.100800
0 0.662867 0.238677 0.004604 0.108576
0 0.623437 0.335430 0.006964 0.095918
0 0.060529 0.585399 0.005546 0.198255
0 0.030456 0.666214 0.007640 0.193742
