3 0.563624 0.503747 0.017110 0.022206
1 0.589433 0.211624 0.020053 0.022181
1 0.113510 0.122832 0.018895 0.021572
1 0.857781 0.379216 0.020472 0.022547
2 0.882570 0.670736 0.019576 0.024785
3 0.761021 0.936352 0.017365 0.022177
3 0.625988 0.547468 0.016828 0.022050
1 0.642742 0.291301 0.020921 0.022536
3 0.030990 0.514577 0.017265 0.020911
4 0.913711 0.361557 0.019829 0.021207
3 0.381515 0.936840 0.016882 0.021521
1 0.443253 0.590471 0.020407 0.022217
0 0.760520 0.834279 0.006696 0.145907
0 0.856030 0.476991 0.005669 0.150605
0 0.587969 0.308246 0.006448 0.148710
0 0.111891 0.229080 0.005992 0.166193
0 0.641885 0.389469 0.006391 0.152033
0 0.380905 0.829907 0.006995 0.161413
0 0.882240 0.567603 0.006655 0.142289
0 0.625685 0.444624 0.008521 0.145460
0 0.030353 0.406100 0.007461 0.159215
