2 0.370205 0.752159 0.019278 0.024698
2 0.822173 0.856119 0.020267 0.024975
1 0.910766 0.600351 0.020243 0.022153
2 0.440876 0.736417 0.019373 0.024183
1 0.408102 0.330266 0.021319 0.021932
1 0.575634 0.276146 0.020982 0.022839
1 0.842043 0.560162 0.022496 0.024343
3 0.873649 0.917258 0.016771 0.021440
2 0.560962 0.551323 0.019306 0.023067
3 0.118980 0.936106 0.017510 0.022053
1 0.762526 0.397438 0.021608 0.023450
3 0.686833 0.936129 0.017346 0.022637
4 0.271276 0.113604 0.021068 0.021355
0 0.839306 0.667219 0.006618 0.166913
0 0.573751 0.383151 0.006144 0.169626
0 0.760301 0.506137 0.006786 0.173486
0 0.369526 0.600971 0.007429 0.245039
0 0.270224 0.261643 0.006714 0.252069
0 0.560572 0.438474 0.007782 0.164909
0 0.686017 0.823750 0.008018 0.166406
0 0.821713 0.741435 0.008510 0.164303
0 0.118127 0.786451 0.007310 0.245116
0 0.407067 0.475018 0.007544 0.251368
