1 0.834021 0.529012 0.020171 0.021861
1 0.736601 0.407863 0.020102 0.021551
2 0.912930 0.651052 0.018034 0.023116
1 0.395416 0.498174 0.020538 0.021280
2 0.854395 0.798582 0.018260 0.023509
2 0.419111 0.845871 0.019830 0.023425
1 0.443864 0.512782 0.020590 0.021998
2 0.796474 0.824030 0.019865 0.024805
4 0.904001 0.423458 0.020805 0.021617
3 0.635540 0.936840 0.017493 0.022001
3 0.341812 0.936142 0.017363 0.021455
4 0.167860 0.113847 0.020365 0.019358
3 0.030746 0.818031 0.017983 0.021922
0 0.854190 0.697430 0.006994 0.140333
0 0.902538 0.520215 0.005326 0.145980
0 0.166650 0.249186 0.005914 0.230606
0 0.634881 0.836593 0.006450 0.141804
0 0.341427 0.797177 0.006846 0.223926
0 0.393582 0.633651 0.005765 0.228587
0 0.832572 0.624236 0.005705 0.147202
0 0.735219 0.504303 0.005549 0.149454
0 0.797998 0.727293 0.007739 0.133628
0 0.420434 0.709005 0.007574 0.214984
0 0.797973 0.727882 0.005564 0.129755
0 0.030421 0.678106 0.007787 0.222774
