2 0.654064 0.453866 0.019588 0.024496
4 0.726893 0.162618 0.022432 0.021950
1 0.789913 0.242036 0.020910 0.021520
1 0.678018 0.241987 0.019655 0.021404
4 0.368881 0.167589 0.022468 0.021502
3 0.176521 0.936435 0.018046 0.022488
4 0.622107 0.216999 0.020956 0.020951
1 0.093043 0.465134 0.020021 0.021815
4 0.443710 0.119298 0.020885 0.020729
3 0.824595 0.484805 0.017620 0.022166
2 0.396844 0.487919 0.020166 0.023602
3 0.061519 0.791219 0.018493 0.021647
3 0.773194 0.435616 0.017407 0.022905
4 0.909081 0.113218 0.021038 0.020922
2 0.685081 0.412372 0.018073 0.024087
0 0.823491 0.405385 0.005659 0.101485
0 0.396006 0.362749 0.007585 0.193068
0 0.620440 0.293374 0.005186 0.105908
0 0.175690 0.811608 0.006632 0.193331
0 0.788782 0.318082 0.005754 0.106412
0 0.653498 0.374555 0.006142 0.101362
0 0.725653 0.238788 0.004624 0.107267
0 0.676763 0.317428 0.005598 0.106174
0 0.367444 0.289885 0.006149 0.197035
0 0.772801 0.356455 0.006287 0.101895
0 0.091610 0.586276 0.005649 0.199737
0 0.061107 0.666235 0.007333 0.194881
0 0.686128 0.335136 0.007427 0.095086
