1 0.867352 0.198830 0.020996 0.022516
1 0.754839 0.198934 0.020324 0.022430
2 0.731325 0.421097 0.019987 0.024148
1 0.914341 0.263869 0.019235 0.021744
4 0.415159 0.167446 0.022908 0.021720
2 0.443673 0.488453 0.018619 0.023470
4 0.698969 0.172708 0.022446 0.021609
3 0.850079 0.402096 0.016885 0.022280
1 0.139456 0.465207 0.019997 0.021894
3 0.222745 0.936469 0.018310 0.022094
3 0.107802 0.791203 0.018650 0.022131
2 0.762206 0.375441 0.019445 0.024840
3 0.901206 0.454477 0.017125 0.021506
4 0.803682 0.114203 0.021306 0.021793
0 0.900708 0.370691 0.005830 0.107453
0 0.753402 0.275473 0.006169 0.110740
0 0.730298 0.337375 0.006924 0.107430
0 0.222229 0.811770 0.006781 0.194550
0 0.849416 0.319910 0.006807 0.109913
0 0.413591 0.289899 0.006233 0.197856
0 0.697588 0.252640 0.005617 0.112249
0 0.763263 0.294228 0.007347 0.103624
0 0.138096 0.586872 0.005271 0.200335
0 0.802181 0.192912 0.005682 0.112876
0 0.107881 0.665974 0.007573 0.194733
0 0.865200 0.276151 0.006645 0.111082
