3 0.632655 0.608635 0.017378 0.023090
3 0.443032 0.936615 0.017279 0.022475
1 0.649704 0.424638 0.020101 0.021035
3 0.754316 0.755625 0.017257 0.023249
3 0.817721 0.783303 0.017603 0.022251
3 0.686599 0.659587 0.016207 0.021162
3 0.912918 0.935840 0.017586 0.022353
3 0.130269 0.557646 0.017806 0.021737
1 0.699159 0.487411 0.019636 0.021969
1 0.212237 0.124608 0.019247 0.020856
1 0.834032 0.600102 0.019066 0.021925
1 0.780502 0.549701 0.019610 0.021878
1 0.044825 0.114732 0.018483 0.018906
0 0.816759 0.708694 0.005749 0.095590
0 0.753595 0.681000 0.005887 0.096174
0 0.699482 0.557229 0.006270 0.096376
0 0.832449 0.671837 0.006206 0.101432
0 0.129620 0.440958 0.006893 0.179808
0 0.210876 0.238834 0.006474 0.185424
0 0.043131 0.226979 0.005103 0.185228
0 0.779169 0.621201 0.006540 0.099080
0 0.632680 0.532952 0.006774 0.097279
0 0.648528 0.498319 0.005809 0.101743
0 0.685724 0.585019 0.007216 0.095688
