2 0.835420 0.877509 0.019033 0.024677
3 0.135807 0.521582 0.015990 0.020848
4 0.885836 0.546493 0.021229 0.020967
3 0.249156 0.685706 0.015615 0.020197
3 0.063978 0.431089 0.016893 0.021437
1 0.556227 0.135985 0.017935 0.020305
3 0.412404 0.936500 0.018346 0.021816
2 0.913253 0.809569 0.017465 0.023919
1 0.822380 0.659049 0.020510 0.022026
1 0.073674 0.251698 0.020051 0.021121
1 0.229458 0.485762 0.018542 0.020538
1 0.142061 0.348398 0.019837 0.021573
3 0.789660 0.936117 0.017746 0.022978
2 0.567662 0.346490 0.018161 0.023028
1 0.254282 0.512477 0.018790 0.021245
4 0.586989 0.113958 0.019541 0.020626
1 0.444539 0.720626 0.018176 0.019895
3 0.226103 0.654552 0.015791 0.020935
0 0.789044 0.846804 0.005713 0.122952
0 0.835393 0.785244 0.005917 0.123580
0 0.566858 0.254804 0.006335 0.117420
0 0.585596 0.201236 0.004949 0.128051
0 0.555440 0.221875 0.005025 0.129062
0 0.821548 0.745421 0.004954 0.128818
0 0.411458 0.849930 0.005442 0.115687
0 0.072353 0.335203 0.006021 0.118489
0 0.883933 0.631909 0.004139 0.123740
0 0.063661 0.344955 0.006419 0.119309
