4 201.816437 99.481857 22.706863 13.406151
2 679.214844 450.057434 19.384827 14.619232
2 805.075195 532.150391 18.650879 14.185852
1 798.546265 369.745422 20.704285 13.038879
3 776.961914 572.783447 17.272522 12.847656
2 230.081009 296.821716 20.782837 14.247040
3 360.914825 360.187744 19.256592 13.804688
4 915.554260 69.318748 20.645630 12.325703
1 707.753174 226.660339 20.718201 13.202866
4 276.545471 69.666725 20.109528 12.538849
4 597.907593 69.776764 20.321106 12.311401
0 804.899231 456.997040 6.672607 107.505249
0 228.897644 219.397644 7.125626 117.685867
0 200.129318 174.832001 5.771515 123.094078
0 705.798950 298.575500 5.542725 115.557892
0 359.746918 283.244324 6.423035 119.721283
0 776.825867 500.667847 6.155518 114.379761
0 797.879395 441.273560 4.996521 116.347778
0 596.004578 141.312592 5.304321 116.059906
0 678.539124 375.810974 6.460205 109.826813
0 275.368622 145.230911 6.283691 123.704735
5 444.651550 74.408173 42.179291 30.032803
