3 0.707814 0.475156 0.018463 0.022819
4 0.610972 0.169952 0.023115 0.022132
3 0.894551 0.937237 0.017309 0.021949
1 0.724627 0.261365 0.020468 0.022489
2 0.616406 0.356040 0.019688 0.023560
3 0.443201 0.935961 0.016579 0.022045
1 0.913761 0.744581 0.019897 0.022778
1 0.062045 0.323306 0.020299 0.021205
2 0.039115 0.663805 0.020193 0.023183
3 0.132711 0.817988 0.020508 0.024144
4 0.269477 0.113794 0.020656 0.019495
4 0.643193 0.114017 0.020160 0.020597
0 0.893679 0.850783 0.006240 0.115943
0 0.706977 0.387743 0.006504 0.115853
0 0.641839 0.195040 0.004931 0.120143
0 0.722877 0.341130 0.005576 0.118924
0 0.616739 0.267201 0.005961 0.104988
0 0.267683 0.248843 0.006217 0.229610
0 0.038752 0.523444 0.007564 0.218822
0 0.131435 0.677815 0.006807 0.222109
0 0.608467 0.249585 0.005657 0.113369
0 0.060642 0.457407 0.005986 0.224238
