3 0.661451 0.775176 0.019300 0.024189
3 0.044799 0.775260 0.019574 0.024105
2 0.847417 0.834087 0.019103 0.024224
1 0.617644 0.465515 0.020932 0.021907
2 0.600445 0.687149 0.020169 0.024999
1 0.913907 0.606548 0.019448 0.023209
2 0.901384 0.811993 0.018560 0.024080
4 0.117527 0.267342 0.023109 0.021806
2 0.161071 0.694616 0.020138 0.023608
1 0.681177 0.547166 0.022831 0.023870
1 0.878704 0.569299 0.020867 0.022412
3 0.414371 0.936310 0.018330 0.022486
1 0.443042 0.562064 0.020702 0.022966
1 0.815262 0.561805 0.021588 0.022483
3 0.749894 0.936661 0.019020 0.023457
4 0.252195 0.114365 0.020590 0.020269
0 0.043207 0.628534 0.007200 0.234648
0 0.900739 0.721231 0.006535 0.117235
0 0.660373 0.684363 0.006601 0.114716
0 0.160629 0.549797 0.006853 0.234594
0 0.846569 0.742878 0.005805 0.118260
0 0.115973 0.408976 0.006140 0.239982
0 0.678652 0.630861 0.005644 0.124874
0 0.877116 0.653102 0.005596 0.123966
0 0.413771 0.792442 0.006954 0.234468
0 0.615980 0.551028 0.005344 0.127046
0 0.600172 0.596958 0.005724 0.118444
0 0.814074 0.645392 0.005978 0.125228
0 0.414168 0.791025 0.004857 0.228951
0 0.748988 0.848406 0.007036 0.121254
