2 0.889560 0.472309 0.017339 0.023302
1 0.860506 0.185785 0.021689 0.023147
2 0.551680 0.864338 0.018420 0.023997
2 0.443453 0.320617 0.018683 0.023784
2 0.416277 0.350525 0.019874 0.024851
4 0.223245 0.336967 0.022664 0.021549
2 0.231348 0.518714 0.019936 0.023634
3 0.912689 0.503981 0.017004 0.022316
1 0.438979 0.147357 0.022589 0.023530
4 0.025229 0.614217 0.022495 0.022004
1 0.897098 0.266295 0.019768 0.021940
2 0.039553 0.808335 0.019601 0.023522
4 0.722241 0.114337 0.021061 0.021865
4 0.533491 0.617812 0.022440 0.021771
2 0.800779 0.567629 0.020160 0.024414
4 0.375357 0.113645 0.021707 0.022304
0 0.550665 0.767993 0.006684 0.131421
0 0.800051 0.471409 0.007144 0.131455
0 0.231083 0.429799 0.006956 0.117219
0 0.858249 0.277121 0.005983 0.137397
0 0.039051 0.720692 0.007084 0.115218
0 0.222003 0.421952 0.006464 0.123573
0 0.416072 0.260346 0.006906 0.115153
0 0.895774 0.358265 0.006742 0.136323
0 0.023637 0.698149 0.006279 0.122356
0 0.720547 0.205367 0.006409 0.138347
0 0.888648 0.377804 0.006730 0.131488
0 0.373857 0.198491 0.007100 0.123690
0 0.532202 0.712271 0.007000 0.134595
