4 0.670977 0.467302 0.020969 0.022251
1 0.600746 0.607652 0.021048 0.023804
2 0.691305 0.713198 0.018113 0.021843
2 0.443487 0.627500 0.018200 0.024885
2 0.132592 0.652716 0.020257 0.023997
2 0.607358 0.805066 0.018754 0.023041
4 0.423633 0.366750 0.022540 0.021714
3 0.017570 0.724554 0.016437 0.022291
2 0.880558 0.460089 0.018687 0.023428
1 0.895267 0.237663 0.020560 0.022822
2 0.640134 0.743915 0.018926 0.023446
3 0.271797 0.936367 0.018101 0.022258
3 0.913131 0.474579 0.016949 0.022564
4 0.633821 0.544670 0.022321 0.022900
4 0.829227 0.114295 0.021125 0.021754
1 0.144149 0.423489 0.021076 0.021836
1 0.093155 0.346245 0.020044 0.020748
0 0.690500 0.618309 0.006877 0.123756
0 0.879396 0.367414 0.006281 0.129199
0 0.893151 0.326106 0.005969 0.130755
0 0.270562 0.826241 0.007319 0.167243
3 0.553562 0.935295 0.017163 0.020510
0 0.669824 0.556651 0.007135 0.129899
0 0.632167 0.633489 0.007066 0.128578
0 0.607192 0.711033 0.007778 0.120705
0 0.828092 0.202092 0.006310 0.132883
0 0.142456 0.532977 0.007129 0.168172
0 0.016851 0.613787 0.006938 0.164477
0 0.091602 0.453170 0.005671 0.172816
0 0.422452 0.473464 0.006187 0.171877
0 0.133538 0.544627 0.008197 0.161496
0 0.599327 0.695660 0.006893 0.130897
0 0.640065 0.644593 0.006711 0.116641
0 0.553201 0.845035 0.006010 0.129176
