3 0.284550 0.797523 0.017910 0.021788
1 0.333613 0.310870 0.020208 0.020403
3 0.551472 0.762398 0.017763 0.022508
2 0.140988 0.593321 0.018463 0.021648
1 0.444737 0.539561 0.021986 0.023420
1 0.587046 0.453182 0.019517 0.021926
1 0.913954 0.536607 0.021684 0.023261
4 0.717564 0.304096 0.021556 0.022108
3 0.418994 0.936355 0.017459 0.021975
3 0.630927 0.796022 0.016859 0.020719
3 0.842802 0.935982 0.016683 0.021875
1 0.186476 0.122249 0.017585 0.019259
0 0.418117 0.778930 0.007663 0.260277
4 0.095446 0.113256 0.018485 0.018065
0 0.550873 0.665392 0.006542 0.136453
0 0.585526 0.546148 0.005073 0.140385
0 0.332642 0.465414 0.006173 0.267636
0 0.630015 0.699149 0.006506 0.136235
0 0.184592 0.275632 0.005226 0.269163
0 0.283581 0.641393 0.006011 0.260853
0 0.715920 0.397746 0.004867 0.139939
0 0.140267 0.436291 0.005976 0.260250
0 0.842259 0.838387 0.006865 0.136703
