2 0.837332 0.469482 0.015834 0.025651
2 0.912773 0.380114 0.017718 0.023701
2 0.017710 0.829093 0.019204 0.024235
4 0.899940 0.130691 0.021435 0.020941
4 0.652794 0.502651 0.021725 0.020622
2 0.604907 0.874610 0.018445 0.024235
3 0.854974 0.476933 0.017301 0.023178
4 0.232217 0.505994 0.022377 0.021483
2 0.439127 0.348708 0.019009 0.023366
1 0.845462 0.246203 0.020072 0.022014
4 0.579924 0.582419 0.021658 0.021749
2 0.670576 0.768352 0.019352 0.024070
2 0.247349 0.755926 0.020240 0.024218
2 0.537081 0.936887 0.017733 0.022760
3 0.138860 0.936519 0.018271 0.021550
4 0.430476 0.113345 0.023008 0.021346
1 0.056023 0.526888 0.021854 0.022182
0 0.245812 0.644120 0.007581 0.163986
4 0.796938 0.114429 0.020902 0.022248
0 0.230825 0.613305 0.006741 0.167021
0 0.604151 0.770044 0.007159 0.141401
0 0.854217 0.372627 0.006774 0.141035
0 0.650620 0.600071 0.005962 0.147846
0 0.016875 0.715854 0.007997 0.161513
0 0.138510 0.826603 0.008015 0.167556
0 0.578696 0.680481 0.005533 0.149992
0 0.669948 0.666222 0.007396 0.142808
0 0.898561 0.229350 0.005012 0.150272
0 0.537045 0.832921 0.006977 0.143258
0 0.837162 0.365847 0.006064 0.143216
0 0.428661 0.221288 0.006116 0.167373
0 0.054417 0.634704 0.006902 0.169929
0 0.795047 0.212105 0.005756 0.150428
0 0.844830 0.347812 0.006422 0.153176
