3 0.589122 0.736981 0.018231 0.023082
2 0.724485 0.661512 0.020020 0.024838
2 0.321741 0.752312 0.018921 0.025136
3 0.443181 0.913555 0.018448 0.022417
1 0.744123 0.380765 0.021749 0.024559
1 0.664547 0.228408 0.021439 0.022822
1 0.913748 0.654835 0.019567 0.021757
1 0.813386 0.418111 0.021509 0.023221
1 0.359996 0.329758 0.021671 0.021348
3 0.775793 0.718892 0.018327 0.023232
4 0.223417 0.114029 0.020808 0.020803
3 0.889429 0.935770 0.017148 0.022308
3 0.070354 0.935546 0.017190 0.021249
0 0.777002 0.616361 0.007903 0.145566
0 0.222231 0.262091 0.007144 0.252735
0 0.588210 0.631331 0.007057 0.157446
0 0.723295 0.552536 0.008607 0.154202
0 0.069595 0.787335 0.006620 0.244039
0 0.888971 0.830956 0.006961 0.154928
0 0.741981 0.482576 0.006907 0.158783
0 0.358867 0.474848 0.006362 0.249342
0 0.662748 0.332306 0.006484 0.162877
0 0.321138 0.599275 0.006911 0.242751
0 0.070124 0.787850 0.004608 0.246205
0 0.811769 0.519908 0.007929 0.158412
