2 0.864069 0.399012 0.018368 0.023141
2 0.575093 0.638125 0.019536 0.024014
4 0.705893 0.305371 0.022127 0.022284
4 0.547476 0.398015 0.021780 0.021704
4 0.773433 0.245796 0.021688 0.022260
2 0.798408 0.478472 0.018545 0.022949
2 0.103834 0.797661 0.019009 0.023959
4 0.845912 0.186679 0.023008 0.022484
1 0.589470 0.453201 0.020782 0.023854
2 0.333076 0.704660 0.020301 0.024365
3 0.621768 0.705467 0.018705 0.023648
3 0.224874 0.936293 0.018342 0.021439
2 0.731031 0.525652 0.019938 0.024034
4 0.443541 0.112998 0.020598 0.020488
1 0.141888 0.425651 0.022215 0.022324
4 0.909049 0.112827 0.020240 0.020073
4 0.317883 0.397912 0.021593 0.021008
0 0.620647 0.621066 0.007183 0.109558
0 0.863499 0.312452 0.007174 0.107074
0 0.730246 0.439073 0.007337 0.105791
0 0.332484 0.570147 0.008399 0.209257
0 0.545602 0.479100 0.006072 0.117926
0 0.316139 0.526784 0.007452 0.215560
0 0.588032 0.531509 0.007019 0.113398
0 0.706927 0.383754 0.006643 0.107784
0 0.224219 0.803060 0.007028 0.213644
0 0.576306 0.557064 0.007344 0.101878
0 0.103125 0.663795 0.008211 0.215552
0 0.797901 0.393940 0.008172 0.108321
0 0.140181 0.554213 0.007313 0.213958
0 0.772385 0.327215 0.005986 0.114596
0 0.844630 0.267998 0.007256 0.113273
