4 0.242722 0.162380 0.022554 0.021415
4 0.913250 0.324962 0.020715 0.020392
2 0.847926 0.870100 0.019110 0.023826
2 0.721548 0.735959 0.020060 0.023872
1 0.443666 0.229975 0.019336 0.021014
3 0.555840 0.747180 0.016818 0.021189
2 0.271445 0.484807 0.020712 0.023659
1 0.841186 0.604389 0.020274 0.020953
1 0.750072 0.370489 0.020422 0.021154
3 0.050686 0.935743 0.017369 0.021806
3 0.401151 0.588675 0.018865 0.022180
4 0.317686 0.113714 0.020651 0.019982
3 0.819989 0.935939 0.017106 0.022167
4 0.641466 0.113578 0.019444 0.019867
0 0.270613 0.358029 0.006734 0.196805
0 0.050315 0.810396 0.006390 0.196045
0 0.839620 0.720041 0.005145 0.185334
0 0.847051 0.747187 0.005794 0.179235
0 0.316423 0.236466 0.005116 0.201467
0 0.241529 0.284940 0.005740 0.198651
0 0.819569 0.817016 0.006632 0.181501
0 0.720798 0.614056 0.005483 0.182828
0 0.555240 0.626186 0.006654 0.181741
0 0.639244 0.229528 0.005257 0.188048
0 0.400024 0.462838 0.006852 0.197889
