3 0.633220 0.775029 0.019184 0.024480
3 0.044799 0.775255 0.019597 0.024183
1 0.589658 0.465845 0.020649 0.022388
2 0.873183 0.811898 0.018575 0.023688
2 0.572227 0.686926 0.019901 0.024737
3 0.721789 0.936609 0.018900 0.023582
1 0.850969 0.568936 0.021168 0.022072
1 0.652695 0.547223 0.022211 0.023439
2 0.819291 0.833845 0.019324 0.024213
4 0.117528 0.267344 0.023096 0.021808
2 0.160991 0.694695 0.020098 0.023569
1 0.913540 0.576290 0.020795 0.022619
1 0.787479 0.561601 0.021478 0.022751
3 0.414373 0.936303 0.018354 0.022514
1 0.443058 0.561971 0.020535 0.022891
4 0.252195 0.114365 0.020590 0.020269
0 0.043223 0.628346 0.007147 0.234867
0 0.160624 0.550032 0.006835 0.235068
0 0.632807 0.685811 0.006793 0.119465
0 0.893921 0.719240 0.006205 0.119261
0 0.819303 0.744292 0.005285 0.117823
0 0.720837 0.846608 0.006191 0.121846
0 0.650480 0.631342 0.005443 0.125849
0 0.785991 0.646016 0.004867 0.127104
0 0.848832 0.652912 0.004839 0.124940
0 0.115972 0.408950 0.006135 0.239928
0 0.872378 0.721992 0.005678 0.118821
0 0.587836 0.550882 0.005722 0.126998
0 0.413764 0.792290 0.006851 0.234989
0 0.571302 0.596878 0.005776 0.119370
0 0.884192 0.688812 0.005572 0.122653
0 0.414171 0.791135 0.004816 0.229479
