2 0.443190 0.482375 0.019129 0.024185
1 0.572641 0.424456 0.019908 0.020745
2 0.579769 0.759280 0.018607 0.023663
3 0.132207 0.936047 0.017441 0.022304
2 0.885250 0.922301 0.018562 0.023155
1 0.049024 0.465025 0.020386 0.021508
2 0.549082 0.862693 0.019169 0.023169
3 0.667796 0.818048 0.017465 0.022116
4 0.399675 0.119277 0.022282 0.021003
1 0.684909 0.424071 0.019692 0.020990
4 0.324605 0.167537 0.021845 0.021334
2 0.352928 0.488198 0.019576 0.023584
3 0.017976 0.791722 0.017205 0.020274
3 0.718938 0.936147 0.016500 0.021603
1 0.913695 0.454889 0.020164 0.022348
4 0.804013 0.113459 0.020930 0.019860
4 0.622080 0.231822 0.020797 0.020479
0 0.683575 0.568458 0.006006 0.246058
0 0.620375 0.376709 0.005524 0.245826
0 0.581211 0.619841 0.005675 0.220182
0 0.667389 0.669732 0.006552 0.240380
0 0.398250 0.239311 0.005283 0.195608
0 0.048423 0.583900 0.005564 0.199539
0 0.323381 0.290006 0.005423 0.200803
0 0.548530 0.710909 0.005748 0.236017
0 0.802361 0.258211 0.005343 0.247654
0 0.351802 0.362450 0.007218 0.191353
0 0.131611 0.812303 0.006522 0.193371
0 0.884251 0.770152 0.006542 0.238230
0 0.016891 0.666722 0.006912 0.192491
0 0.571808 0.569599 0.005041 0.247364
