2 0.198282 0.752606 0.019484 0.024005
1 0.572529 0.367651 0.020012 0.021998
1 0.829534 0.198727 0.021780 0.022934
3 0.862126 0.568480 0.018531 0.023022
4 0.412605 0.297851 0.020365 0.019934
4 0.913373 0.112821 0.019624 0.020259
3 0.319415 0.913841 0.017798 0.021075
2 0.427913 0.643949 0.019442 0.023971
2 0.815652 0.461798 0.020299 0.025242
3 0.534829 0.694325 0.016580 0.021513
1 0.236256 0.330518 0.022868 0.022574
4 0.787041 0.113236 0.020622 0.021519
3 0.649086 0.935634 0.016305 0.022394
4 0.099529 0.113466 0.019707 0.020004
0 0.426869 0.491225 0.008342 0.241421
0 0.197704 0.601341 0.007977 0.246791
0 0.786125 0.226613 0.006017 0.178537
0 0.816401 0.352829 0.007764 0.157547
0 0.098361 0.261914 0.006488 0.252020
0 0.411108 0.444210 0.007046 0.246167
0 0.536938 0.583184 0.006904 0.159560
0 0.828212 0.308418 0.006248 0.174701
0 0.860912 0.452073 0.007534 0.171271
0 0.648675 0.819982 0.007200 0.168110
0 0.319169 0.763118 0.006696 0.245503
0 0.234988 0.475810 0.005777 0.250053
0 0.571619 0.478408 0.006520 0.177233
