1 445.389832 291.753510 21.468536 13.654053
2 870.196533 542.317627 18.806213 14.834656
2 283.174561 388.098450 18.943176 13.888184
1 301.247345 107.741310 20.485046 12.564972
1 697.978210 166.599915 21.245483 12.668686
1 380.809418 222.167755 21.255371 13.332718
2 39.156055 432.606079 19.091322 13.823730
1 833.591248 271.135345 21.121948 13.554626
4 915.517639 247.901703 20.819946 12.840042
3 646.366394 467.913666 18.469360 13.547424
3 320.567352 394.243774 17.742859 13.646271
3 369.503967 483.043823 18.851166 14.751892
3 422.507812 571.739624 18.537384 13.655457
1 330.302521 139.989532 21.292664 12.412308
3 786.880249 571.759338 18.388245 13.417603
3 169.338593 540.545410 19.661606 13.914856
4 85.315208 69.223022 19.375946 11.483055
4 569.375977 69.192299 18.681763 11.617718
0 832.017212 347.314575 5.950195 124.468933
0 785.759644 494.046875 6.686401 122.308624
0 168.126587 421.266602 7.511612 202.088959
0 38.102997 314.041870 7.083347 200.010071
0 645.557129 388.140015 6.818298 122.929443
0 869.374817 463.160492 6.667480 122.763367
0 299.725952 221.692368 7.026764 206.576508
0 320.351440 277.147095 7.477295 201.323959
0 421.755432 453.711700 7.551361 197.785461
0 328.924683 258.346375 6.217712 209.348083
0 379.408966 337.102661 7.501953 214.213547
0 84.226753 185.751648 6.434830 205.613846
0 696.956421 242.709686 5.719238 125.220413
0 369.155945 365.477570 6.913177 201.366943
0 251.198761 184.926804 7.030487 206.618500
0 567.983398 145.905731 4.797668 125.184296
0 282.273804 268.387207 8.058075 206.645432
0 320.200073 274.903809 5.335876 194.274017
5 255.925598 78.910561 47.346558 24.777405
