1 0.852477 0.617156 0.020615 0.022441
2 0.892260 0.751572 0.018811 0.024288
2 0.859341 0.810515 0.019399 0.023319
3 0.401244 0.936454 0.017536 0.022548
2 0.262523 0.653031 0.019937 0.023119
1 0.599203 0.225551 0.020117 0.022306
2 0.551241 0.530376 0.019690 0.024150
1 0.443427 0.625782 0.020203 0.021774
1 0.694636 0.410216 0.020862 0.023380
3 0.147848 0.724913 0.017731 0.021999
3 0.805946 0.936236 0.017647 0.023339
1 0.223342 0.346186 0.019865 0.020483
3 0.675028 0.640483 0.018114 0.022687
4 0.914014 0.513139 0.020549 0.021811
1 0.273822 0.423658 0.020555 0.021115
4 0.885185 0.558301 0.019816 0.020702
0 0.851350 0.701218 0.005541 0.124850
0 0.674692 0.549878 0.006841 0.120874
0 0.859499 0.715978 0.006567 0.117515
0 0.597280 0.311230 0.005495 0.129789
0 0.222054 0.453837 0.005497 0.171999
0 0.804947 0.847649 0.006353 0.122265
0 0.692764 0.495795 0.005388 0.128847
0 0.272457 0.530965 0.005541 0.168615
0 0.263569 0.546268 0.006480 0.161051
0 0.884322 0.643831 0.006069 0.123513
0 0.400094 0.826469 0.006684 0.166302
0 0.147472 0.614056 0.007110 0.165377
0 0.553053 0.443142 0.005738 0.114336
0 0.891639 0.660610 0.005671 0.109291
