3 0.044777 0.775206 0.019433 0.023932
1 0.913285 0.562210 0.021772 0.023787
3 0.759049 0.775085 0.018954 0.024289
2 0.698298 0.686638 0.020155 0.025418
1 0.715534 0.466014 0.020675 0.022502
4 0.117499 0.267316 0.023043 0.021774
2 0.161069 0.694710 0.020212 0.023663
1 0.443092 0.562050 0.020987 0.023328
1 0.778851 0.547616 0.022758 0.024344
3 0.414337 0.936257 0.018279 0.022426
3 0.847736 0.936529 0.019428 0.023778
4 0.570453 0.113804 0.019460 0.020095
4 0.252219 0.114392 0.020694 0.020354
0 0.846927 0.847300 0.006085 0.123330
0 0.043222 0.628560 0.007124 0.234867
0 0.776373 0.631182 0.005232 0.125151
0 0.697927 0.597191 0.006646 0.119063
0 0.160633 0.550442 0.006956 0.235677
0 0.713477 0.551006 0.005535 0.127033
0 0.758238 0.685259 0.006738 0.118464
0 0.569157 0.200459 0.004729 0.126768
0 0.115972 0.409005 0.006154 0.240058
0 0.413668 0.792467 0.007335 0.234272
0 0.414111 0.791397 0.005138 0.230283
