2 0.913140 0.866213 0.018051 0.024958
2 0.702934 0.851228 0.018355 0.022866
3 0.676575 0.858216 0.016922 0.022701
1 0.599232 0.412674 0.019648 0.021465
1 0.692050 0.631951 0.019514 0.022061
4 0.743584 0.569139 0.022106 0.021218
3 0.796349 0.928515 0.016534 0.021967
4 0.894870 0.624035 0.019995 0.021181
1 0.825029 0.656845 0.020744 0.023457
3 0.438312 0.936431 0.016497 0.021852
2 0.249006 0.649613 0.019531 0.023131
1 0.273852 0.396376 0.019960 0.020160
3 0.366009 0.812448 0.017563 0.022265
3 0.171356 0.713521 0.017932 0.022739
1 0.375348 0.585643 0.020884 0.022013
3 0.854550 0.936551 0.017081 0.021782
3 0.553444 0.740156 0.016983 0.020889
1 0.225298 0.385992 0.019602 0.021769
1 0.443922 0.719097 0.018662 0.021878
0 0.854037 0.840982 0.006437 0.126910
0 0.597285 0.502107 0.005078 0.136549
0 0.823413 0.744273 0.005531 0.132458
0 0.702484 0.754847 0.006740 0.129953
0 0.676720 0.762773 0.006328 0.125867
0 0.893016 0.712169 0.005316 0.129197
0 0.690502 0.721967 0.005003 0.134639
0 0.741915 0.659644 0.005034 0.134843
0 0.171535 0.605000 0.007245 0.159922
0 0.223745 0.491024 0.005429 0.161387
0 0.365018 0.705402 0.006690 0.156951
0 0.795867 0.834391 0.005743 0.128387
0 0.272073 0.500843 0.005310 0.163617
0 0.553203 0.647839 0.005096 0.130295
0 0.373703 0.691040 0.007249 0.163900
