1 0.561717 0.261083 0.019608 0.022020
3 0.363962 0.936377 0.017438 0.022413
1 0.417652 0.498134 0.020630 0.021212
2 0.441335 0.846008 0.018923 0.023355
3 0.544471 0.475209 0.017328 0.021493
1 0.909701 0.645825 0.021036 0.023384
3 0.731166 0.936929 0.017675 0.022704
1 0.832301 0.498675 0.020143 0.021598
2 0.892389 0.846097 0.019844 0.024438
4 0.190140 0.113798 0.020193 0.020000
3 0.052808 0.817914 0.018306 0.021634
0 0.730323 0.851245 0.006209 0.117353
0 0.893845 0.762694 0.006867 0.110237
0 0.543870 0.388191 0.006431 0.115976
0 0.363410 0.796885 0.006870 0.220556
0 0.052117 0.677277 0.006751 0.225183
0 0.559796 0.342374 0.005892 0.119433
0 0.830356 0.580919 0.004723 0.122342
0 0.415667 0.633380 0.005717 0.227691
0 0.188456 0.249359 0.006947 0.228506
