3 0.304243 0.903311 0.016778 0.022352
3 0.442917 0.935961 0.016641 0.021975
4 0.791950 0.196095 0.020408 0.020172
3 0.908414 0.936136 0.017324 0.021933
1 0.366419 0.565511 0.020031 0.020845
2 0.761549 0.551412 0.019616 0.024193
3 0.640238 0.864236 0.017743 0.022681
1 0.736030 0.217945 0.020654 0.021201
1 0.035835 0.114321 0.018416 0.019170
0 0.760546 0.435261 0.007079 0.169043
0 0.735276 0.328810 0.005778 0.178410
0 0.034202 0.216680 0.005136 0.160214
0 0.639930 0.749144 0.006881 0.172269
0 0.364773 0.667671 0.004795 0.161589
0 0.790927 0.308049 0.006017 0.176975
0 0.303686 0.798001 0.006075 0.155095
