1 0.801309 0.572818 0.021107 0.022864
2 0.840869 0.720321 0.018901 0.023281
1 0.643515 0.329755 0.021877 0.022178
2 0.807915 0.789226 0.018981 0.023080
1 0.443480 0.604961 0.019887 0.020662
2 0.892128 0.685922 0.018162 0.022795
2 0.253546 0.652786 0.019866 0.023087
3 0.754214 0.936229 0.017885 0.022680
3 0.392590 0.936219 0.017743 0.022098
4 0.871434 0.416211 0.020944 0.020648
4 0.833399 0.502719 0.021296 0.021743
3 0.138862 0.725328 0.017998 0.022045
1 0.214688 0.346053 0.019507 0.020780
3 0.623308 0.590752 0.017296 0.021584
1 0.265189 0.423657 0.019963 0.021040
0 0.753587 0.836388 0.006421 0.143339
1 0.547832 0.115546 0.019426 0.019216
0 0.545790 0.209804 0.004559 0.149879
0 0.869601 0.512977 0.005595 0.145356
0 0.800139 0.668208 0.005488 0.146307
0 0.832674 0.598705 0.005259 0.148678
0 0.840011 0.616845 0.006541 0.137036
0 0.138592 0.614515 0.006813 0.165825
0 0.254923 0.544134 0.006744 0.161543
0 0.213214 0.454849 0.005887 0.172647
0 0.641884 0.425162 0.005314 0.148404
0 0.807557 0.684581 0.006627 0.129467
0 0.263450 0.528831 0.006146 0.166473
0 0.891702 0.584955 0.005721 0.139891
0 0.391533 0.825450 0.005620 0.166927
0 0.623230 0.490191 0.006879 0.142472
5 0.913796 0.423686 0.031610 0.047324
