3 0.912892 0.803658 0.016967 0.021451
3 0.443053 0.483531 0.017841 0.021383
2 0.820293 0.503299 0.018900 0.024365
2 0.731160 0.609468 0.019912 0.023591
2 0.350541 0.386680 0.019578 0.023998
4 0.156724 0.380679 0.022584 0.021303
1 0.790418 0.193072 0.021141 0.022555
2 0.165784 0.589495 0.020159 0.023641
1 0.373603 0.153671 0.022517 0.022647
1 0.827348 0.282294 0.020483 0.022187
4 0.309197 0.114279 0.020476 0.020738
4 0.652253 0.113344 0.019612 0.019430
0 0.730358 0.506607 0.006709 0.144472
0 0.788731 0.292053 0.005500 0.151811
0 0.371406 0.248924 0.005757 0.146754
0 0.307432 0.210312 0.005563 0.146449
0 0.650685 0.212536 0.005794 0.150510
0 0.819248 0.402379 0.006338 0.140209
0 0.164882 0.490745 0.007033 0.137712
0 0.826236 0.381019 0.006483 0.141916
0 0.349732 0.286901 0.006771 0.139059
