2 0.370243 0.752033 0.019401 0.025074
1 0.867706 0.560227 0.022396 0.024759
2 0.440771 0.736350 0.019207 0.024161
1 0.408088 0.330188 0.021161 0.021826
2 0.848181 0.855801 0.019978 0.024460
1 0.601642 0.276067 0.021445 0.022644
2 0.586571 0.551291 0.019246 0.023152
3 0.712725 0.936146 0.017082 0.022423
3 0.899278 0.916914 0.016410 0.021332
3 0.119017 0.936121 0.017504 0.022103
1 0.788339 0.397431 0.021524 0.023702
4 0.271316 0.113639 0.021101 0.021366
0 0.786036 0.507378 0.006615 0.174950
0 0.847108 0.742655 0.007552 0.165328
0 0.369520 0.601159 0.007895 0.246046
0 0.534115 0.222442 0.005669 0.171039
0 0.900820 0.810316 0.007750 0.158560
0 0.270236 0.261780 0.006828 0.252124
0 0.599544 0.382187 0.006610 0.169058
0 0.865102 0.667307 0.006352 0.167876
4 0.535561 0.114148 0.020680 0.019560
0 0.585817 0.439560 0.008148 0.164497
0 0.118151 0.786651 0.007115 0.245033
0 0.711562 0.825292 0.008016 0.169168
0 0.407079 0.474463 0.007607 0.249688
