2 0.833531 0.430761 0.018817 0.023353
2 0.610055 0.606709 0.018877 0.023810
2 0.899092 0.343290 0.019075 0.023401
2 0.127886 0.766211 0.019671 0.023565
3 0.249073 0.915439 0.017524 0.022244
1 0.914143 0.129645 0.020510 0.022463
4 0.342072 0.341357 0.021866 0.020790
4 0.582494 0.347277 0.021373 0.021817
4 0.808604 0.178902 0.021813 0.022054
3 0.656489 0.680846 0.018781 0.022978
4 0.029371 0.170087 0.021706 0.020528
4 0.741567 0.245427 0.022793 0.023146
2 0.765842 0.482112 0.019737 0.023326
1 0.624484 0.408098 0.021711 0.023776
4 0.443601 0.112760 0.020181 0.019683
1 0.165840 0.370879 0.022113 0.022450
4 0.880568 0.113140 0.020282 0.020463
2 0.357336 0.666188 0.020448 0.024098
0 0.356315 0.522936 0.008447 0.227343
0 0.832895 0.339672 0.006701 0.119696
0 0.879205 0.201036 0.006665 0.123289
0 0.028054 0.308980 0.006991 0.233668
0 0.807135 0.265648 0.006959 0.125667
0 0.126957 0.623647 0.007969 0.227858
0 0.742141 0.327896 0.006464 0.118669
0 0.580707 0.433239 0.006582 0.128078
0 0.622875 0.492791 0.006931 0.124360
0 0.340908 0.477312 0.007326 0.233716
0 0.611120 0.520868 0.008227 0.113107
0 0.765366 0.391094 0.008243 0.120357
0 0.898361 0.254764 0.007481 0.118288
0 0.164516 0.508538 0.007706 0.233337
0 0.248914 0.773958 0.007371 0.228647
0 0.164585 0.509730 0.005135 0.234522
