3 658.103271 500.735504 17.935852 13.855469
1 620.668518 236.512054 20.253906 12.887894
1 267.837219 298.727356 20.176178 12.816071
3 821.868713 572.396851 16.083008 12.765137
4 869.085876 279.320404 20.391724 12.701965
1 693.324341 243.552246 19.336243 12.162109
3 421.446289 572.273315 17.293213 12.932068
1 347.139771 381.905029 20.091522 12.963257
1 777.613403 286.841248 19.182556 12.504059
3 736.940674 529.570801 16.891907 13.023865
1 433.173615 452.762573 20.302246 12.736542
3 205.229462 475.694458 16.947983 13.401428
3 343.454834 492.582428 15.503693 12.611267
0 547.476318 144.555023 4.254089 123.533295
3 610.520874 413.848450 16.197876 13.242004
0 867.419189 354.084961 5.765198 120.449066
0 421.530640 516.126770 6.343262 77.459930
0 736.583252 453.023590 6.446472 118.226624
1 548.821960 70.948334 18.006592 10.687614
0 776.017456 361.721191 5.498657 122.319458
0 692.157471 318.497192 5.353210 123.453186
0 205.039795 419.878052 6.486526 80.551636
0 431.965881 507.738678 5.999908 78.041565
0 619.442139 308.903076 6.222412 119.648285
0 820.991455 495.429321 6.721130 118.328369
0 610.725464 338.030945 6.667908 117.842133
0 267.150757 353.647278 5.029449 83.326233
0 657.348145 423.516876 6.744629 119.281921
0 514.146423 141.513092 5.184204 141.261414
5 917.731018 570.819458 44.010376 31.345520
