2 0.096421 0.668300 0.018334 0.021955
3 0.236367 0.936926 0.018664 0.023307
1 0.144280 0.300657 0.021379 0.020862
3 0.134158 0.677131 0.017916 0.022659
1 0.194372 0.419838 0.021113 0.021416
1 0.114799 0.253235 0.020307 0.020593
2 0.577068 0.899620 0.018821 0.024579
2 0.756590 0.834455 0.019728 0.023725
2 0.352735 0.834617 0.019341 0.023343
3 0.182722 0.807609 0.018433 0.023371
2 0.912885 0.380603 0.018434 0.023926
4 0.443386 0.112752 0.020670 0.020189
4 0.676090 0.308141 0.022169 0.022181
1 0.540255 0.549588 0.019835 0.021962
4 0.897233 0.113390 0.021540 0.021831
4 0.309483 0.307983 0.022367 0.021419
0 0.538732 0.650676 0.005616 0.156721
0 0.096349 0.495053 0.006887 0.296218
0 0.065219 0.363672 0.006624 0.309444
0 0.307437 0.479285 0.006494 0.301833
0 0.113520 0.424649 0.006727 0.294519
0 0.181995 0.627770 0.006873 0.292934
0 0.352069 0.658074 0.006882 0.291208
0 0.674223 0.410321 0.005262 0.160849
0 0.576229 0.794022 0.007335 0.150561
0 0.895642 0.214460 0.005241 0.156261
0 0.235186 0.760144 0.006391 0.290532
0 0.133932 0.506980 0.005834 0.302606
0 0.756085 0.728899 0.006875 0.152893
0 0.193253 0.590986 0.006499 0.308227
0 0.142122 0.472313 0.007416 0.299264
0 0.133916 0.495224 0.004414 0.277590
0 0.193544 0.586668 0.004847 0.288288
5 0.067973 0.201678 0.040343 0.048699
