1 0.913963 0.721283 0.019039 0.021986
1 0.778636 0.580189 0.020146 0.021681
1 0.729065 0.502282 0.019921 0.021257
3 0.833725 0.901743 0.016684 0.022663
1 0.859887 0.657780 0.019735 0.022527
3 0.443128 0.935973 0.017007 0.022021
1 0.104559 0.246316 0.020422 0.020808
3 0.055343 0.603883 0.017283 0.022291
3 0.896735 0.936032 0.016852 0.021740
3 0.189491 0.701675 0.018537 0.022849
3 0.712543 0.718031 0.018107 0.023355
1 0.271598 0.257522 0.021330 0.021821
3 0.765916 0.780993 0.016588 0.021186
0 0.765514 0.694256 0.006426 0.116073
4 0.563764 0.114272 0.018979 0.020271
0 0.896111 0.847995 0.005834 0.114703
0 0.832625 0.813838 0.006313 0.118415
0 0.858292 0.738765 0.005326 0.118383
0 0.270121 0.374580 0.005588 0.189047
0 0.054734 0.485075 0.006712 0.183811
0 0.727870 0.585808 0.005965 0.121982
0 0.711717 0.630535 0.006688 0.116493
0 0.779049 0.659249 0.005942 0.114289
0 0.188673 0.582296 0.007395 0.182887
0 0.103248 0.363248 0.006240 0.190153
