3 0.632659 0.608645 0.017362 0.023068
3 0.443046 0.936591 0.017270 0.022489
1 0.649705 0.424639 0.020100 0.021037
3 0.754308 0.755641 0.017114 0.023203
3 0.686593 0.659574 0.016174 0.021098
3 0.817713 0.783315 0.017524 0.022193
3 0.912920 0.935876 0.017679 0.022362
3 0.130266 0.557651 0.017799 0.021722
1 0.699160 0.487411 0.019637 0.021978
1 0.212237 0.124608 0.019247 0.020856
1 0.834036 0.600101 0.019105 0.021962
1 0.780503 0.549705 0.019623 0.021893
1 0.044825 0.114732 0.018483 0.018906
0 0.816700 0.707370 0.006909 0.093975
0 0.753598 0.681004 0.005915 0.096145
0 0.699482 0.557236 0.006285 0.096386
0 0.832452 0.671843 0.006323 0.101502
0 0.129620 0.440947 0.006900 0.179798
0 0.210876 0.238834 0.006474 0.185423
0 0.043131 0.226979 0.005103 0.185228
0 0.779171 0.621200 0.006600 0.099082
0 0.632683 0.532947 0.006778 0.097289
0 0.648528 0.498310 0.005813 0.101729
0 0.685723 0.584977 0.007228 0.095601
