2 0.803178 0.850924 0.019026 0.024421
2 0.913777 0.447638 0.018508 0.024412
3 0.110326 0.700008 0.018678 0.023551
3 0.656276 0.887342 0.016575 0.020460
1 0.622268 0.456320 0.020360 0.021200
1 0.547466 0.381873 0.019150 0.020480
4 0.198935 0.190402 0.021093 0.020176
1 0.059973 0.300490 0.020818 0.021828
4 0.766282 0.405878 0.021550 0.021152
1 0.680227 0.517065 0.020567 0.021710
3 0.368095 0.936651 0.016632 0.021853
3 0.048163 0.583490 0.017478 0.021889
1 0.443639 0.479621 0.019105 0.020860
3 0.712458 0.936155 0.016113 0.021612
3 0.591670 0.863536 0.016766 0.020803
4 0.897633 0.113239 0.021826 0.021387
0 0.058788 0.427130 0.006381 0.209220
0 0.765376 0.531418 0.005905 0.205316
3 0.531582 0.704091 0.015977 0.022141
0 0.590318 0.734092 0.005682 0.199663
0 0.620303 0.579174 0.005528 0.205490
0 0.545749 0.506145 0.005203 0.202560
0 0.895701 0.237779 0.005474 0.201764
0 0.678831 0.640635 0.005779 0.203658
0 0.109783 0.568383 0.006774 0.204849
0 0.367679 0.807220 0.005853 0.205337
0 0.048002 0.455600 0.006845 0.203235
0 0.711573 0.808237 0.006589 0.200874
0 0.802767 0.721139 0.006615 0.199939
0 0.197351 0.316934 0.005918 0.208993
