3 0.086303 0.699779 0.017873 0.023036
1 0.636090 0.517146 0.020441 0.021086
1 0.419268 0.479539 0.019781 0.021122
2 0.759115 0.850756 0.018331 0.024505
1 0.035303 0.300682 0.020619 0.022044
3 0.611778 0.887596 0.016871 0.021005
2 0.440895 0.795551 0.018755 0.023111
3 0.024197 0.583214 0.017044 0.021942
4 0.721956 0.405944 0.021077 0.020679
2 0.911333 0.668230 0.017684 0.022468
3 0.546776 0.863337 0.016115 0.021181
1 0.577636 0.456279 0.020326 0.021266
4 0.174809 0.189878 0.020659 0.019871
3 0.343735 0.935705 0.016747 0.021814
3 0.668058 0.936266 0.016895 0.021807
4 0.853077 0.113446 0.021044 0.020968
0 0.851493 0.239711 0.005950 0.205358
0 0.546425 0.733417 0.005587 0.199029
0 0.667303 0.807984 0.006394 0.199717
0 0.757932 0.720524 0.005788 0.196518
0 0.417682 0.603671 0.006025 0.209450
0 0.023826 0.454187 0.007327 0.204507
0 0.085702 0.568961 0.006591 0.204834
0 0.034336 0.427772 0.006021 0.210925
0 0.576182 0.579034 0.005445 0.203185
0 0.610987 0.759243 0.006164 0.201571
0 0.174053 0.317828 0.005857 0.208665
0 0.634849 0.642358 0.005944 0.209340
0 0.720563 0.533474 0.005349 0.206135
