3 0.609912 0.746733 0.017415 0.022277
1 0.890455 0.609198 0.019891 0.021777
3 0.403087 0.905644 0.016050 0.021783
4 0.820033 0.418782 0.020116 0.020590
3 0.773101 0.852032 0.016769 0.021965
3 0.443350 0.936440 0.017667 0.022388
1 0.414786 0.715070 0.020791 0.022480
1 0.644950 0.367506 0.020559 0.020678
1 0.572433 0.356478 0.019506 0.020984
3 0.563162 0.619996 0.016164 0.020643
3 0.325624 0.779448 0.016207 0.021057
1 0.729004 0.430347 0.020752 0.020579
3 0.688477 0.788424 0.016383 0.020310
3 0.875507 0.894283 0.015644 0.020938
3 0.187351 0.753577 0.016924 0.021294
1 0.249651 0.473690 0.019333 0.020194
1 0.328820 0.603886 0.019323 0.020880
3 0.912845 0.935797 0.016267 0.021373
0 0.609300 0.630017 0.006453 0.173791
0 0.643543 0.479597 0.005588 0.179212
0 0.413623 0.801993 0.004971 0.128040
0 0.402581 0.818433 0.006209 0.120889
0 0.819116 0.531712 0.005324 0.180512
0 0.772783 0.735840 0.006830 0.172230
0 0.571379 0.466072 0.005939 0.177142
0 0.727890 0.542434 0.005851 0.178728
0 0.888421 0.720145 0.005545 0.174461
0 0.688561 0.673332 0.007137 0.176564
0 0.248082 0.559907 0.005006 0.131591
