3 0.308750 0.797572 0.018513 0.022383
3 0.595846 0.762357 0.018220 0.022697
1 0.357576 0.310751 0.019977 0.020188
2 0.165639 0.593654 0.019029 0.022413
1 0.913587 0.661268 0.021049 0.023493
1 0.631501 0.452964 0.018936 0.021824
4 0.761411 0.303928 0.020365 0.021445
3 0.675093 0.796240 0.017002 0.021248
1 0.210470 0.121646 0.018502 0.020053
3 0.887481 0.936213 0.017222 0.021917
3 0.442768 0.935704 0.016448 0.022156
4 0.119736 0.113258 0.018460 0.018214
0 0.886443 0.839541 0.006739 0.135088
0 0.307991 0.639840 0.006524 0.259354
0 0.356216 0.465011 0.006298 0.265055
0 0.674603 0.698906 0.006335 0.137116
0 0.629621 0.546664 0.005371 0.141190
0 0.760176 0.397640 0.005345 0.141574
0 0.208606 0.276632 0.005315 0.263781
0 0.164903 0.434915 0.005661 0.259144
0 0.595039 0.665543 0.007008 0.137319
0 0.118500 0.268879 0.004844 0.264801
2 0.010418 0.822940 0.011948 0.021918
