2 0.088255 0.530539 0.018777 0.022067
4 0.624262 0.467378 0.020364 0.021747
2 0.644570 0.713091 0.018241 0.022221
2 0.560675 0.805108 0.018424 0.022963
2 0.833849 0.459627 0.019352 0.023467
1 0.554014 0.607475 0.020911 0.023502
2 0.593552 0.743986 0.019304 0.023335
1 0.848422 0.237701 0.020798 0.023070
3 0.913380 0.628766 0.017197 0.022601
3 0.227337 0.936186 0.017267 0.021771
4 0.380087 0.143197 0.022228 0.021301
2 0.443588 0.641160 0.018040 0.022852
1 0.099623 0.225103 0.021015 0.021847
4 0.586876 0.544454 0.021836 0.022408
1 0.048956 0.114271 0.018491 0.018727
4 0.782427 0.114345 0.021313 0.022149
0 0.643798 0.618181 0.006877 0.123018
0 0.832900 0.366452 0.006796 0.127891
0 0.846332 0.325828 0.006317 0.131547
0 0.089657 0.385700 0.007456 0.224087
0 0.377986 0.286545 0.006915 0.242237
0 0.098423 0.366146 0.006920 0.239478
0 0.048013 0.255801 0.005797 0.244302
0 0.585308 0.633361 0.006528 0.127500
0 0.623012 0.556981 0.006628 0.128436
0 0.226289 0.790932 0.007333 0.235664
0 0.560606 0.711320 0.007425 0.121238
0 0.552527 0.695470 0.006580 0.130465
0 0.226724 0.790947 0.004895 0.234292
0 0.553695 0.695049 0.005855 0.132579
0 0.782067 0.203652 0.007196 0.133610
