1 0.773484 0.571946 0.020871 0.023055
2 0.812807 0.720379 0.019112 0.022836
3 0.365840 0.936584 0.017899 0.021926
1 0.443827 0.542276 0.019927 0.021152
2 0.863849 0.685675 0.018403 0.022162
2 0.780045 0.789486 0.019057 0.023195
3 0.112674 0.725479 0.017301 0.021538
4 0.806241 0.502563 0.022285 0.022253
1 0.615574 0.330033 0.022514 0.023287
2 0.227013 0.653074 0.019720 0.023251
4 0.843254 0.416139 0.020642 0.021128
3 0.726356 0.936166 0.017523 0.022687
1 0.238569 0.423492 0.020559 0.021245
4 0.913280 0.312529 0.019557 0.020424
3 0.595248 0.590685 0.016692 0.021442
1 0.187524 0.345847 0.019822 0.020140
0 0.863456 0.585190 0.007391 0.139669
0 0.112131 0.614441 0.006509 0.167339
0 0.613327 0.426428 0.005940 0.148015
0 0.804814 0.599543 0.007038 0.147120
0 0.237136 0.530784 0.006490 0.169611
0 0.364878 0.826107 0.006660 0.162751
0 0.595202 0.490918 0.007442 0.142638
0 0.725862 0.837537 0.006455 0.144050
0 0.772266 0.668453 0.006085 0.146112
0 0.842090 0.512340 0.006597 0.144182
0 0.779939 0.684868 0.007543 0.128883
0 0.228265 0.543327 0.007471 0.162041
