4 0.117015 0.380431 0.021727 0.020850
1 0.443592 0.215350 0.020485 0.022329
1 0.883075 0.317635 0.020498 0.022377
1 0.913540 0.325905 0.018770 0.020786
2 0.623865 0.609798 0.019761 0.023883
2 0.712624 0.503212 0.020600 0.024213
3 0.805943 0.804434 0.019569 0.023681
3 0.403837 0.483883 0.019115 0.022570
2 0.311001 0.386795 0.020283 0.023895
2 0.897223 0.564980 0.018855 0.023791
1 0.682752 0.192770 0.021147 0.021572
1 0.333976 0.153774 0.022250 0.021933
2 0.125877 0.589379 0.020149 0.023280
1 0.720489 0.281857 0.021379 0.022850
4 0.269459 0.114145 0.020524 0.020094
0 0.402634 0.384192 0.006712 0.141808
4 0.544724 0.113612 0.020225 0.018952
0 0.711484 0.401220 0.006775 0.143555
0 0.332265 0.249716 0.005842 0.148654
0 0.116239 0.476316 0.005704 0.143264
0 0.543564 0.212516 0.005117 0.151817
0 0.804871 0.701954 0.006686 0.145778
0 0.898477 0.469227 0.006889 0.131907
0 0.310373 0.286398 0.007244 0.139604
0 0.623245 0.506831 0.006923 0.146558
0 0.882111 0.417691 0.005375 0.147002
0 0.267713 0.210006 0.005347 0.146979
0 0.681285 0.291349 0.005333 0.150496
