1 0.589258 0.214206 0.020689 0.021772
3 0.330727 0.762862 0.017306 0.022310
1 0.914049 0.639422 0.019431 0.022039
1 0.117755 0.325094 0.020712 0.021940
3 0.443646 0.936942 0.016996 0.023793
3 0.419973 0.905431 0.015121 0.021983
3 0.794278 0.864247 0.017877 0.022203
1 0.831780 0.521460 0.019898 0.021964
3 0.887700 0.936633 0.017536 0.023064
2 0.141302 0.541145 0.019758 0.021797
3 0.560832 0.519947 0.018076 0.022470
1 0.335651 0.583223 0.019366 0.022589
3 0.258363 0.667446 0.017402 0.022094
3 0.619314 0.529171 0.016772 0.020676
1 0.267574 0.479794 0.020609 0.021828
4 0.658833 0.176827 0.019675 0.020483
3 0.064102 0.590388 0.018327 0.022720
1 0.423456 0.729973 0.019809 0.021717
1 0.166305 0.333038 0.019287 0.020707
0 0.257417 0.579101 0.006472 0.127063
0 0.793172 0.761635 0.006545 0.149958
0 0.886496 0.832256 0.006801 0.145661
0 0.142798 0.451770 0.007330 0.121569
0 0.560456 0.415913 0.006734 0.148661
0 0.830340 0.620116 0.005441 0.154776
0 0.588005 0.312642 0.006213 0.152148
0 0.164570 0.420172 0.005884 0.130081
0 0.266387 0.568091 0.006133 0.131070
0 0.116174 0.412366 0.005359 0.130983
0 0.063445 0.501023 0.007467 0.126666
0 0.618384 0.425680 0.006693 0.147940
0 0.657866 0.277289 0.006158 0.154908
