3 0.587002 0.677334 0.017147 0.022612
3 0.443466 0.936985 0.016741 0.022257
1 0.227898 0.456506 0.019775 0.020904
3 0.303335 0.750223 0.016752 0.021649
3 0.165186 0.725207 0.016396 0.021810
1 0.549218 0.327174 0.020426 0.021355
1 0.866786 0.549200 0.019627 0.021807
1 0.705806 0.392192 0.020578 0.021022
1 0.306363 0.580697 0.019982 0.020659
1 0.622029 0.336735 0.020553 0.020875
3 0.665276 0.714436 0.016800 0.021703
4 0.796562 0.381730 0.019856 0.020390
3 0.913191 0.935770 0.016577 0.022110
3 0.750026 0.769616 0.017202 0.022381
1 0.392515 0.686570 0.021450 0.021952
3 0.381414 0.870673 0.016882 0.020572
3 0.539301 0.565576 0.016564 0.021463
3 0.852583 0.806912 0.016372 0.020895
0 0.620255 0.437140 0.006044 0.156591
0 0.538603 0.461695 0.006840 0.149636
0 0.226199 0.540332 0.004330 0.121192
0 0.391569 0.772370 0.005309 0.126543
0 0.164923 0.639861 0.005429 0.119719
0 0.851718 0.702271 0.006606 0.153230
0 0.585889 0.572528 0.006685 0.153315
0 0.795054 0.483790 0.005783 0.159487
0 0.548332 0.426622 0.005353 0.155736
0 0.380793 0.784694 0.005388 0.116630
0 0.864950 0.648656 0.005176 0.152371
0 0.665069 0.609615 0.006784 0.153509
0 0.704809 0.492929 0.006387 0.159724
0 0.748927 0.664780 0.007283 0.153519
