3 0.656367 0.790921 0.018112 0.023284
4 0.752901 0.464596 0.020945 0.021201
2 0.703224 0.743725 0.018851 0.023077
3 0.440235 0.936509 0.017057 0.022430
3 0.875756 0.936256 0.017623 0.022510
3 0.050273 0.399822 0.016687 0.020305
1 0.143531 0.365584 0.018482 0.020638
1 0.913610 0.689274 0.019565 0.021280
1 0.689583 0.556376 0.020264 0.022168
1 0.443615 0.759546 0.018741 0.020767
3 0.326238 0.843804 0.018986 0.022585
3 0.162537 0.574261 0.015999 0.021190
3 0.139670 0.542074 0.015675 0.021168
1 0.357705 0.616502 0.019964 0.021687
1 0.167477 0.393105 0.017462 0.020496
1 0.056056 0.218239 0.018613 0.020778
0 0.702675 0.665464 0.005516 0.100537
0 0.325519 0.753377 0.006701 0.125577
0 0.355898 0.703983 0.005396 0.131174
0 0.160921 0.489656 0.004020 0.068408
