1 0.913922 0.559752 0.020481 0.023783
2 0.385628 0.752262 0.019438 0.024381
2 0.443634 0.690604 0.019342 0.023324
2 0.894724 0.855984 0.019709 0.024200
1 0.647687 0.275932 0.020646 0.022552
1 0.423630 0.329994 0.020714 0.021432
3 0.759352 0.936162 0.017592 0.023122
2 0.633351 0.551321 0.019121 0.023239
3 0.134805 0.936432 0.017277 0.021970
4 0.582529 0.113582 0.020102 0.019743
1 0.834495 0.397395 0.021045 0.022842
4 0.286796 0.113759 0.021031 0.021261
0 0.893719 0.742774 0.007664 0.164681
0 0.832634 0.507362 0.005643 0.174536
0 0.285758 0.262607 0.006963 0.252987
0 0.580763 0.222492 0.005798 0.170738
0 0.385092 0.601176 0.006658 0.245076
0 0.645908 0.382512 0.006055 0.169369
0 0.757932 0.824750 0.007359 0.167112
0 0.422352 0.474644 0.005676 0.250051
0 0.632726 0.439707 0.007793 0.164429
0 0.133817 0.786501 0.006964 0.245805
