2 643.616760 542.139648 18.851807 15.003479
3 283.705505 572.297546 18.725250 14.278687
4 356.943298 145.479080 21.989166 12.871857
1 242.149078 222.235260 20.915024 13.125778
3 181.481628 394.306091 18.331802 13.714325
2 823.615723 488.812622 19.478333 14.842438
1 162.391052 107.702698 20.381516 12.774826
2 400.417847 502.224060 19.629822 14.167542
1 191.262726 140.077820 20.486832 12.035706
2 143.853775 388.008728 18.549255 13.703461
3 30.150436 540.403564 18.326109 13.165710
3 230.120300 483.318665 18.680984 14.028442
1 606.920044 266.424377 19.669434 13.729156
3 560.094482 571.630249 17.375305 13.250549
4 742.910278 69.754349 20.925171 12.931526
0 823.184204 409.447601 7.292969 124.259827
0 112.899826 184.354095 6.715637 208.418900
0 29.673042 422.424500 7.714388 200.999054
0 605.411743 344.465637 5.974609 126.846893
0 559.107910 492.365173 7.331604 125.048615
0 642.874817 460.687439 7.475830 124.596161
0 143.911743 268.049377 7.717255 207.965714
0 355.275330 260.599396 6.758392 210.761353
0 741.278320 147.200394 5.482788 127.539330
0 229.196777 365.996582 6.720673 205.356812
0 399.795349 384.143036 6.386505 198.635376
0 161.252869 223.367020 6.205734 203.684113
0 241.356415 336.030029 5.082047 204.440521
0 181.156219 282.129333 5.644791 206.685776
0 189.104233 253.010345 6.699615 210.359558
0 282.095764 453.244751 7.755646 201.131378
5 117.660782 78.596756 44.045410 23.955765
5 915.838867 74.505875 41.930237 31.781952
5 445.883728 152.464417 38.100128 26.915161
