3 444.439667 378.197540 17.784424 13.954773
1 915.425903 373.358276 19.177185 12.466461
4 31.975845 99.108597 22.426165 12.977074
3 756.019165 475.481964 18.776794 14.161133
2 304.798401 270.266235 19.582733 14.290680
1 403.066345 159.271347 20.686584 13.235687
3 391.480896 326.176514 17.741333 13.626709
1 323.327698 92.177353 19.579407 11.943306
1 807.700806 194.312180 20.673645 12.955658
3 625.226807 378.693329 17.758362 13.641724
3 896.396973 571.886719 18.242493 13.396301
1 352.615387 110.716705 20.078186 12.258827
2 571.369568 330.146362 20.111084 14.220886
1 590.385376 132.286545 19.778259 12.714211
4 679.685669 103.825195 21.692017 12.528175
3 190.681183 359.498291 18.666748 13.359070
2 60.655754 296.154114 19.441875 13.456940
3 342.887695 273.444153 17.029755 13.233246
4 107.161392 69.259804 19.677635 11.685940
0 589.288635 204.243958 5.268188 115.415527
0 895.271851 498.743591 6.240234 112.963226
0 390.929504 249.524353 6.253357 117.251724
0 273.561584 144.318817 5.134277 121.152222
1 531.799622 70.138542 19.780640 11.442337
0 401.369751 233.373672 5.707489 121.240204
0 106.036011 143.927948 4.969498 122.773758
0 755.277954 401.086243 6.202271 114.488129
0 350.972992 184.273727 5.605225 121.715698
0 570.669006 255.372894 6.958008 112.143265
0 304.967041 193.119873 6.714111 117.072937
0 189.516754 282.630310 5.990204 121.432190
0 60.095230 219.650940 5.586536 118.505814
0 678.076782 175.915344 5.301941 115.904861
0 322.011627 166.082245 6.355896 118.481216
0 806.502563 265.739319 5.821594 116.454468
0 342.339142 196.664246 7.074463 118.147156
5 278.463684 78.965523 44.282990 25.409180
