1 0.878027 0.162247 0.019492 0.021543
3 0.149822 0.799328 0.018422 0.022257
2 0.885755 0.346290 0.017892 0.024360
2 0.854518 0.393061 0.019572 0.024891
3 0.264597 0.936167 0.017906 0.022060
4 0.443607 0.239391 0.021376 0.021048
1 0.181293 0.487174 0.022220 0.022554
4 0.823150 0.133665 0.022264 0.022372
4 0.913293 0.113027 0.019453 0.019977
3 0.604806 0.935872 0.016478 0.021036
0 0.854034 0.307370 0.006275 0.113638
0 0.604185 0.850850 0.005601 0.114045
0 0.886550 0.264550 0.007069 0.106127
0 0.877274 0.240758 0.005583 0.115809
0 0.263635 0.817226 0.006742 0.183528
0 0.179749 0.603419 0.006982 0.185978
0 0.821340 0.216969 0.005769 0.120794
0 0.149245 0.678513 0.008067 0.184773
