2 0.833231 0.468832 0.017810 0.025243
4 0.895346 0.130760 0.021716 0.021061
2 0.017726 0.829081 0.019177 0.024215
2 0.913839 0.397102 0.017896 0.023708
4 0.647756 0.502750 0.022508 0.021257
1 0.841051 0.246082 0.019813 0.022044
2 0.600450 0.874477 0.018517 0.023971
2 0.666103 0.768418 0.020033 0.024982
4 0.575522 0.582618 0.022529 0.021989
4 0.232218 0.505991 0.022337 0.021441
2 0.439132 0.348723 0.018969 0.023300
2 0.247348 0.755924 0.020241 0.024220
3 0.138861 0.936518 0.018267 0.021545
3 0.850768 0.477563 0.016932 0.022398
4 0.430477 0.113318 0.022931 0.021253
1 0.056025 0.526879 0.021830 0.022135
4 0.791946 0.114479 0.021810 0.022137
0 0.245813 0.644105 0.007606 0.163962
0 0.230825 0.613296 0.006737 0.166972
0 0.832875 0.364226 0.006437 0.147813
2 0.533067 0.935841 0.016923 0.023419
0 0.573749 0.680293 0.006016 0.147416
0 0.016874 0.715840 0.007997 0.161483
0 0.893141 0.229865 0.005642 0.150726
0 0.138511 0.826604 0.008011 0.167557
0 0.839957 0.342775 0.005551 0.148349
0 0.646020 0.599590 0.005701 0.148771
0 0.849773 0.373340 0.007357 0.141202
0 0.428683 0.221369 0.006255 0.167029
0 0.054416 0.634710 0.006886 0.169910
0 0.600115 0.771275 0.007476 0.144847
0 0.664956 0.665822 0.007002 0.144140
0 0.790936 0.212305 0.005904 0.151619
0 0.532276 0.832816 0.007204 0.142600
