3 0.814386 0.936501 0.016315 0.022275
1 0.300867 0.415958 0.020011 0.020691
2 0.840604 0.929148 0.018013 0.022651
3 0.198234 0.751514 0.018391 0.023212
1 0.401783 0.618074 0.020242 0.021036
2 0.275718 0.682338 0.019626 0.022541
4 0.881135 0.620462 0.021964 0.021444
1 0.736296 0.446158 0.020154 0.021452
3 0.691197 0.805660 0.017386 0.021507
1 0.251854 0.405503 0.020598 0.021455
3 0.443181 0.936272 0.018011 0.022151
3 0.912820 0.935955 0.016346 0.021860
1 0.829070 0.690453 0.019526 0.021229
3 0.392379 0.857098 0.016716 0.021064
0 0.839565 0.827361 0.006584 0.142275
0 0.828429 0.785676 0.005682 0.149947
4 0.558880 0.113438 0.018944 0.019404
4 0.024780 0.114020 0.019851 0.018727
0 0.690736 0.705017 0.006296 0.144032
0 0.879192 0.719205 0.005350 0.148998
0 0.023641 0.223284 0.005277 0.172811
0 0.735114 0.544180 0.004917 0.149908
0 0.277058 0.571295 0.006869 0.167570
0 0.557390 0.210641 0.005055 0.148854
0 0.197536 0.637352 0.006956 0.171050
0 0.391944 0.745467 0.005852 0.168835
0 0.814185 0.833917 0.007108 0.139532
0 0.400028 0.729031 0.006525 0.172566
0 0.298864 0.526889 0.005922 0.174445
