3 0.249199 0.797494 0.017858 0.021993
1 0.834223 0.246105 0.019651 0.020684
2 0.913504 0.562528 0.018144 0.024290
1 0.897378 0.278973 0.019903 0.021935
2 0.866551 0.628162 0.019516 0.023325
1 0.150858 0.122069 0.017850 0.020256
1 0.443470 0.409121 0.019706 0.020154
1 0.298445 0.310869 0.020590 0.020079
2 0.105677 0.592715 0.019536 0.022341
3 0.726324 0.935943 0.016860 0.021974
3 0.383785 0.936064 0.017407 0.022373
4 0.060031 0.113272 0.019831 0.018500
4 0.601192 0.113913 0.017763 0.018443
0 0.105371 0.435014 0.006198 0.257343
0 0.832553 0.362254 0.005244 0.186823
0 0.058781 0.267125 0.004843 0.266423
0 0.898153 0.386669 0.005733 0.173156
0 0.725943 0.817531 0.006299 0.180971
0 0.296839 0.463415 0.005948 0.264071
0 0.382624 0.778158 0.006280 0.258800
0 0.865835 0.508017 0.006148 0.173380
0 0.149665 0.276236 0.005367 0.266908
0 0.599357 0.229110 0.004871 0.185872
0 0.248962 0.641989 0.006831 0.258488
0 0.383106 0.775806 0.004219 0.251471
