2 0.055038 0.530108 0.018815 0.021633
2 0.600229 0.825103 0.019426 0.024766
3 0.912763 0.862162 0.017303 0.021583
3 0.194058 0.936270 0.017878 0.022192
1 0.804264 0.262719 0.020128 0.022752
2 0.443124 0.752724 0.018034 0.023971
4 0.579953 0.539905 0.021584 0.021240
2 0.789409 0.519118 0.019678 0.024078
2 0.549225 0.862531 0.018548 0.023002
4 0.542805 0.632128 0.022668 0.021856
4 0.347249 0.143471 0.021894 0.020875
1 0.066246 0.225049 0.020979 0.021612
4 0.738474 0.113892 0.020461 0.021230
1 0.016339 0.114424 0.020351 0.019147
0 0.065379 0.367721 0.007343 0.239055
0 0.541046 0.736108 0.007238 0.153318
0 0.737023 0.215568 0.005932 0.158481
0 0.578983 0.641543 0.005980 0.156215
0 0.548903 0.752395 0.008284 0.144257
0 0.015012 0.253746 0.006761 0.240219
0 0.802121 0.362435 0.005649 0.155468
0 0.193503 0.791342 0.006883 0.237651
0 0.789016 0.413007 0.008069 0.148778
0 0.600074 0.718794 0.007708 0.147312
0 0.056822 0.385361 0.007806 0.224770
0 0.344985 0.287026 0.007171 0.242637
