1 0.913992 0.721107 0.018943 0.022032
1 0.778661 0.580179 0.020051 0.021805
1 0.729003 0.502276 0.019856 0.021259
3 0.833825 0.901692 0.016927 0.022836
1 0.859856 0.657816 0.019647 0.022747
3 0.443194 0.936020 0.017154 0.022058
1 0.104513 0.246298 0.020393 0.020713
3 0.055321 0.603874 0.017277 0.022282
3 0.189469 0.701590 0.018560 0.022944
3 0.896741 0.935997 0.017086 0.021918
3 0.712551 0.718044 0.018024 0.023274
3 0.765967 0.781233 0.017243 0.022331
1 0.271536 0.257561 0.021271 0.021792
0 0.765520 0.694081 0.006604 0.116490
4 0.563666 0.114232 0.018834 0.020184
0 0.896140 0.848069 0.006306 0.115238
0 0.832645 0.814105 0.006819 0.117951
0 0.270135 0.374641 0.005570 0.188949
0 0.858274 0.740192 0.005896 0.121393
0 0.054729 0.485089 0.006694 0.183741
0 0.779053 0.659261 0.006099 0.114111
0 0.727866 0.585761 0.005998 0.121893
0 0.711685 0.630432 0.006679 0.116851
0 0.188686 0.582301 0.007343 0.182782
0 0.103248 0.363165 0.006234 0.190010
