4 0.148301 0.162193 0.022066 0.020922
1 0.439220 0.151188 0.020801 0.021453
2 0.801160 0.668694 0.019604 0.023819
1 0.855261 0.180919 0.020426 0.021004
2 0.894811 0.601972 0.019331 0.023074
2 0.176442 0.485067 0.020716 0.023600
2 0.421099 0.442738 0.019792 0.023819
1 0.617620 0.603894 0.020245 0.021349
3 0.306739 0.588903 0.019008 0.022373
2 0.623775 0.869618 0.017971 0.023351
3 0.595595 0.935650 0.016985 0.021790
1 0.913730 0.281962 0.019628 0.021735
4 0.223322 0.113515 0.020065 0.019631
4 0.733364 0.113391 0.019010 0.019828
0 0.175730 0.357839 0.006741 0.195198
0 0.800241 0.546924 0.006229 0.182048
0 0.893670 0.480583 0.006519 0.181119
0 0.389108 0.235179 0.004931 0.198945
0 0.221921 0.236715 0.005397 0.201612
0 0.853746 0.297502 0.005736 0.187066
0 0.305900 0.462814 0.006331 0.195062
0 0.420210 0.316464 0.006671 0.194201
0 0.615834 0.720362 0.005474 0.185278
0 0.147166 0.284765 0.005705 0.199862
0 0.732327 0.230424 0.005151 0.188786
0 0.595183 0.818971 0.006342 0.188732
1 0.528599 0.370700 0.017892 0.021922
0 0.623483 0.746365 0.006116 0.173984
5 0.392036 0.122108 0.049103 0.053617
