1 0.352970 0.431504 0.019667 0.020987
2 0.619163 0.840330 0.018876 0.025097
3 0.020084 0.669112 0.017383 0.020667
2 0.392664 0.831503 0.018956 0.022421
3 0.442926 0.936381 0.016322 0.021196
4 0.582261 0.402083 0.021362 0.020935
3 0.277797 0.929533 0.016522 0.020661
2 0.789620 0.756318 0.019761 0.024707
3 0.912730 0.935953 0.016302 0.021642
1 0.403970 0.537661 0.019770 0.020662
4 0.712990 0.113882 0.020340 0.020827
1 0.836505 0.294320 0.019680 0.020770
0 0.393992 0.690859 0.006271 0.220702
4 0.108701 0.113651 0.018852 0.018600
0 0.019441 0.526535 0.007078 0.225645
0 0.277094 0.788421 0.007095 0.223729
0 0.835344 0.419394 0.006032 0.204496
0 0.527856 0.799300 0.006024 0.197942
0 0.402492 0.676067 0.006147 0.230243
0 0.580603 0.526269 0.005755 0.205390
0 0.711642 0.237939 0.005778 0.203812
0 0.351566 0.569013 0.006135 0.230004
0 0.107036 0.250804 0.005488 0.231196
0 0.790759 0.634874 0.006800 0.185620
0 0.618237 0.711799 0.006950 0.194683
0 0.351803 0.568401 0.004217 0.230434
3 0.528986 0.922390 0.014697 0.020148
