4 201.687805 99.421127 23.050842 13.440941
1 798.739746 369.778748 21.715637 13.769257
2 679.120544 450.093140 20.665894 14.974457
2 804.817749 532.249512 18.622192 13.910339
4 915.276978 69.133499 21.219727 12.521980
1 707.431030 226.683487 21.178467 13.526520
3 360.271667 360.376312 19.571198 13.201294
3 776.959595 572.811646 18.267883 13.324707
2 230.123093 296.743011 21.292572 14.032715
4 276.472321 69.730019 21.066650 12.547535
4 597.709229 69.696365 21.441711 12.793720
0 229.056274 218.557678 8.177994 117.510376
0 705.799805 298.308380 6.757507 114.602844
0 199.935333 174.437393 6.579575 122.197273
0 596.009827 141.325729 6.467773 115.615456
0 776.880127 499.915588 7.320129 112.466461
0 804.918701 456.812653 7.399109 107.544556
0 359.756592 283.220978 7.018097 119.937668
0 797.525146 440.570160 6.311523 114.202393
0 678.493835 374.815460 8.449585 110.824341
0 275.283936 145.055786 6.809235 122.455406
5 444.984741 74.576912 43.395538 32.057392
