3 0.244993 0.876598 0.018406 0.023199
1 0.869128 0.579589 0.019854 0.021748
3 0.443203 0.936004 0.017157 0.022260
4 0.634084 0.207778 0.022097 0.021347
4 0.333410 0.392245 0.020784 0.020996
3 0.182821 0.766776 0.018239 0.022216
1 0.194224 0.495981 0.020426 0.022144
1 0.787482 0.361056 0.019088 0.021609
2 0.656191 0.509083 0.019266 0.023421
3 0.775599 0.613684 0.017840 0.022248
3 0.105133 0.566768 0.016578 0.021459
3 0.854259 0.841630 0.017243 0.021846
3 0.906241 0.935635 0.017009 0.021740
1 0.913940 0.702875 0.018648 0.021854
1 0.108495 0.319801 0.018931 0.020825
4 0.703687 0.113925 0.018459 0.019880
0 0.632375 0.313023 0.005503 0.161596
1 0.029156 0.114914 0.019181 0.018042
0 0.786023 0.463648 0.005531 0.162455
0 0.702281 0.215042 0.005575 0.160646
0 0.332292 0.515624 0.005732 0.199920
0 0.867476 0.683147 0.005781 0.161108
0 0.854312 0.734592 0.007112 0.153818
0 0.193261 0.614343 0.006465 0.194436
0 0.182226 0.642433 0.007328 0.191917
0 0.028097 0.235420 0.004978 0.200733
0 0.244079 0.752300 0.006504 0.194792
0 0.774452 0.507610 0.006743 0.154997
0 0.904682 0.831482 0.006873 0.156413
3 0.524534 0.840839 0.010280 0.018737
