4 0.073393 0.162269 0.021510 0.020587
3 0.432101 0.533671 0.018917 0.023562
1 0.363957 0.150738 0.019978 0.020455
1 0.443684 0.260113 0.019589 0.020448
1 0.392890 0.181379 0.020285 0.019859
2 0.346022 0.442572 0.019266 0.023251
4 0.745392 0.253807 0.019698 0.019385
2 0.544191 0.744358 0.019243 0.023372
3 0.822557 0.936723 0.018722 0.023161
2 0.101541 0.484666 0.020708 0.023298
3 0.691355 0.757225 0.019099 0.023306
1 0.873463 0.421692 0.019807 0.020887
1 0.598526 0.191483 0.020111 0.020219
2 0.908700 0.872935 0.018121 0.023270
3 0.231938 0.588454 0.018993 0.022392
2 0.637974 0.667617 0.019582 0.023260
1 0.656389 0.306325 0.020017 0.020909
3 0.383412 0.448300 0.016845 0.022014
4 0.148432 0.113277 0.019239 0.018856
0 0.363060 0.272826 0.005549 0.204872
0 0.690622 0.622409 0.006008 0.209268
0 0.382497 0.325175 0.006657 0.195988
0 0.231112 0.463281 0.005902 0.196463
0 0.391623 0.303064 0.005880 0.196634
0 0.597354 0.322027 0.005245 0.216768
0 0.543934 0.608781 0.006174 0.208428
0 0.637278 0.533765 0.005467 0.205365
0 0.872532 0.549130 0.005178 0.210449
0 0.147022 0.235876 0.005244 0.202021
0 0.345363 0.316971 0.006447 0.193048
0 0.821641 0.802419 0.006285 0.209261
0 0.100896 0.358161 0.006654 0.192165
0 0.314612 0.235774 0.005521 0.201391
0 0.744428 0.385562 0.005258 0.216537
0 0.072061 0.285306 0.005475 0.198040
0 0.431262 0.408972 0.006195 0.189914
5 0.317436 0.129282 0.047021 0.043782
