2 0.096453 0.668300 0.018374 0.021971
4 0.659184 0.317634 0.021746 0.021703
3 0.236368 0.936927 0.018664 0.023308
1 0.144331 0.300722 0.021165 0.020464
2 0.913207 0.459561 0.019166 0.024290
3 0.134099 0.677097 0.017926 0.022698
1 0.114744 0.253174 0.020025 0.020338
1 0.194251 0.419720 0.020844 0.021067
2 0.560122 0.936486 0.018587 0.024122
2 0.352734 0.834626 0.019375 0.023364
3 0.182723 0.807611 0.018445 0.023381
2 0.740409 0.868349 0.019183 0.024198
4 0.443376 0.112677 0.020627 0.020054
4 0.309478 0.307802 0.022249 0.021200
4 0.881022 0.113791 0.021468 0.021759
0 0.879337 0.219893 0.006120 0.165773
0 0.096357 0.495316 0.006661 0.294675
0 0.307406 0.476368 0.006887 0.303226
0 0.065251 0.363364 0.006450 0.307657
0 0.739770 0.758433 0.006767 0.159283
0 0.560476 0.827183 0.006719 0.158012
0 0.182007 0.627848 0.006759 0.293418
0 0.351654 0.661281 0.005522 0.295164
0 0.113485 0.426877 0.006188 0.299076
0 0.133950 0.506825 0.005520 0.301976
0 0.235195 0.760118 0.006391 0.290555
0 0.193257 0.591002 0.006416 0.307951
0 0.142654 0.476291 0.006425 0.304503
0 0.657900 0.424619 0.005864 0.167097
0 0.133522 0.500706 0.007713 0.299751
0 0.193611 0.586522 0.004556 0.288012
5 0.068028 0.201820 0.040803 0.048950
