3 0.025431 0.496757 0.015985 0.022073
3 0.165346 0.751910 0.018353 0.023490
4 0.254007 0.342935 0.020734 0.020541
1 0.636427 0.348295 0.020036 0.020532
1 0.441558 0.688628 0.020629 0.022730
1 0.115092 0.429058 0.020675 0.022354
1 0.768805 0.492744 0.020307 0.021572
1 0.914028 0.466261 0.019739 0.021519
1 0.549234 0.283750 0.019556 0.020843
3 0.563408 0.623039 0.017048 0.021683
2 0.892223 0.845538 0.019668 0.024286
4 0.855071 0.373891 0.020622 0.020602
1 0.710994 0.427524 0.020183 0.020721
3 0.103279 0.661903 0.018345 0.022472
3 0.800832 0.936246 0.017106 0.022191
3 0.744806 0.884393 0.016857 0.021971
3 0.621510 0.688389 0.016399 0.021392
3 0.422959 0.936382 0.016595 0.021482
1 0.029106 0.283533 0.019301 0.021185
4 0.587139 0.231534 0.020700 0.021203
0 0.800173 0.799752 0.006563 0.212620
3 0.679723 0.857963 0.016952 0.022139
3 0.541919 0.585388 0.017112 0.025890
0 0.113749 0.533193 0.006535 0.158850
0 0.585631 0.364414 0.005648 0.219562
0 0.620633 0.554226 0.006452 0.209368
0 0.422690 0.828223 0.005488 0.162859
0 0.679117 0.722801 0.006505 0.213488
0 0.541020 0.450304 0.006592 0.210464
0 0.853700 0.505248 0.006319 0.221176
0 0.252461 0.449277 0.005616 0.164567
0 0.891501 0.709505 0.006344 0.209614
0 0.744307 0.750570 0.006166 0.212806
0 0.634780 0.481110 0.005848 0.222331
0 0.164603 0.644244 0.006901 0.161216
0 0.102735 0.554245 0.007291 0.160370
0 0.549087 0.420407 0.006199 0.223884
0 0.709201 0.557746 0.005058 0.218066
0 0.768004 0.622938 0.006081 0.217383
