3 0.116981 0.699964 0.017803 0.022852
1 0.066259 0.300647 0.020777 0.021930
4 0.205606 0.190037 0.021339 0.020333
1 0.570710 0.357002 0.020090 0.021417
2 0.826902 0.846794 0.018902 0.023981
1 0.645114 0.435054 0.020678 0.021174
3 0.055066 0.583551 0.017519 0.021855
4 0.913606 0.113100 0.020722 0.020708
4 0.790028 0.382354 0.021641 0.021488
3 0.615073 0.859635 0.016958 0.021340
3 0.555827 0.693085 0.016131 0.021242
3 0.735766 0.936241 0.016081 0.021674
3 0.679678 0.884857 0.016905 0.021593
1 0.443019 0.498954 0.020336 0.021055
1 0.703336 0.498695 0.020212 0.020969
3 0.374790 0.935975 0.016831 0.021963
0 0.788754 0.514015 0.006190 0.215347
0 0.702434 0.626232 0.005086 0.210682
0 0.643436 0.565162 0.005808 0.214273
0 0.054641 0.454375 0.007510 0.202038
0 0.613658 0.725853 0.005920 0.209772
0 0.065467 0.425872 0.006590 0.207877
0 0.679237 0.751980 0.006369 0.210112
0 0.116607 0.567919 0.006313 0.204664
0 0.569260 0.487892 0.005335 0.214164
0 0.555320 0.559080 0.006808 0.210340
0 0.826521 0.711585 0.006726 0.209103
0 0.205150 0.317959 0.005648 0.209745
0 0.735253 0.802647 0.005833 0.212224
0 0.373893 0.805906 0.007562 0.205394
0 0.788936 0.511834 0.004274 0.212059
