1 0.913591 0.452463 0.021075 0.022491
1 0.568460 0.200552 0.019671 0.021301
3 0.623985 0.552060 0.018072 0.022439
3 0.822028 0.936200 0.017267 0.022092
1 0.650003 0.286952 0.019969 0.021972
3 0.390181 0.936529 0.016775 0.021841
1 0.444247 0.610282 0.019970 0.021969
1 0.121973 0.122984 0.018798 0.021176
3 0.555442 0.418210 0.016013 0.020855
1 0.703559 0.357777 0.021035 0.021637
3 0.686532 0.590961 0.016783 0.021285
3 0.039945 0.514634 0.017358 0.021634
0 0.702105 0.447188 0.005511 0.134664
0 0.648347 0.376911 0.005222 0.135147
0 0.120762 0.228706 0.006119 0.164866
0 0.555242 0.324870 0.005632 0.129031
0 0.039119 0.406570 0.005964 0.158385
0 0.389943 0.827204 0.006223 0.161797
0 0.623225 0.458670 0.006498 0.130141
0 0.568954 0.285325 0.005204 0.125834
0 0.821712 0.844157 0.005297 0.130876
0 0.686031 0.497092 0.006937 0.130471
