3 0.548847 0.559304 0.017027 0.023550
1 0.566258 0.390689 0.019384 0.021870
1 0.443306 0.709774 0.019714 0.021555
3 0.602680 0.604685 0.015897 0.021073
3 0.083608 0.514483 0.017857 0.021905
3 0.868222 0.936187 0.017106 0.022665
1 0.751016 0.546296 0.019740 0.022183
1 0.696369 0.501280 0.019562 0.021978
1 0.615028 0.445848 0.019701 0.021793
3 0.670805 0.690483 0.017011 0.023326
3 0.733172 0.715005 0.016037 0.021036
1 0.913604 0.707827 0.018890 0.021450
3 0.434416 0.937036 0.016905 0.021482
0 0.564587 0.457890 0.006093 0.090875
0 0.083212 0.407004 0.006784 0.158844
0 0.433786 0.828692 0.006985 0.164876
1 0.165874 0.123415 0.017714 0.021055
0 0.868050 0.867252 0.005286 0.086175
0 0.669985 0.619804 0.006570 0.086760
0 0.164525 0.228072 0.006140 0.164699
0 0.615780 0.510929 0.006578 0.085056
0 0.695146 0.569002 0.006480 0.089619
0 0.602063 0.535271 0.005915 0.084865
0 0.548510 0.489566 0.006431 0.085547
0 0.732584 0.644402 0.006806 0.084112
0 0.748645 0.613153 0.007119 0.089961
