2 0.229098 0.752553 0.019871 0.024316
2 0.579827 0.630942 0.019736 0.024174
3 0.350426 0.913935 0.017934 0.021316
2 0.911524 0.461691 0.018774 0.024698
1 0.668535 0.367698 0.020153 0.022079
4 0.443481 0.298079 0.020189 0.020122
1 0.267282 0.330052 0.021657 0.021487
3 0.630976 0.694659 0.017341 0.021724
1 0.599032 0.324878 0.021388 0.022661
4 0.883320 0.113508 0.022716 0.021962
3 0.744915 0.935852 0.017172 0.022782
4 0.130200 0.113866 0.020026 0.020133
0 0.597268 0.437223 0.006039 0.175155
0 0.667108 0.479222 0.005836 0.177638
0 0.129482 0.262118 0.006501 0.253440
0 0.881936 0.226564 0.005901 0.181565
0 0.744404 0.821155 0.006105 0.172140
0 0.578583 0.513523 0.006676 0.174411
0 0.266108 0.475432 0.005178 0.251220
0 0.228350 0.602010 0.007077 0.244728
0 0.632750 0.584989 0.006860 0.160744
0 0.349917 0.762780 0.006399 0.244829
