1 560.709473 129.249802 19.907471 13.986504
3 795.616089 458.764435 18.253113 14.411560
1 862.291016 371.365234 20.381653 13.590881
3 68.832176 382.018250 17.820297 13.349915
3 443.571167 573.054199 17.572998 12.916077
1 118.116821 154.339020 20.651642 13.077911
1 285.392639 162.054077 22.131805 13.265793
3 915.165039 572.572571 17.864441 13.671875
1 812.705444 321.012268 19.822327 12.999542
3 849.510986 499.547821 17.698853 13.745789
4 646.141479 69.843658 20.172363 12.858391
0 862.700073 422.040771 5.779053 74.374756
0 589.596924 229.840729 6.170105 75.859024
3 203.408997 444.619659 17.851883 13.063660
0 848.810425 443.703583 7.172302 74.778076
0 284.084930 235.984589 6.255249 121.140976
0 645.183228 123.292313 5.064026 80.590965
0 116.436783 228.288300 6.250114 122.185608
2 531.207031 285.198242 17.142517 15.510345
0 529.053345 229.987991 6.676697 74.923981
0 68.248032 306.438080 6.613907 118.094681
0 202.920547 368.798950 7.492828 119.189026
0 794.720703 402.802551 6.172180 74.661896
0 811.324036 372.666138 6.979126 76.966217
0 561.096924 179.450623 6.267761 73.552612
5 590.124023 285.732056 38.441284 30.988129
