3 0.123751 0.735783 0.017667 0.022596
3 0.913252 0.936470 0.017089 0.021846
3 0.257929 0.862209 0.016826 0.020979
3 0.443040 0.935650 0.017502 0.022637
1 0.614986 0.212508 0.020251 0.020649
1 0.678063 0.242071 0.019977 0.021712
1 0.172383 0.286159 0.020446 0.020706
2 0.647009 0.561262 0.019141 0.023385
1 0.339995 0.300903 0.022526 0.021915
4 0.763280 0.113850 0.019167 0.020240
0 0.707289 0.452163 0.005857 0.161953
0 0.338365 0.443791 0.006639 0.244118
0 0.613456 0.319852 0.005274 0.168659
1 0.024792 0.115129 0.019307 0.018427
0 0.123043 0.589959 0.006553 0.238007
0 0.678877 0.342970 0.005475 0.156534
0 0.023389 0.257097 0.005303 0.243506
0 0.762835 0.220692 0.004940 0.170407
0 0.171149 0.427784 0.006184 0.242723
0 0.257378 0.714910 0.007141 0.238768
0 0.646619 0.450200 0.006325 0.159909
5 0.707880 0.560509 0.047921 0.054441
