1 0.549678 0.200649 0.019234 0.021183
3 0.605030 0.551982 0.018316 0.023036
2 0.912937 0.661078 0.020040 0.026403
3 0.803038 0.936414 0.017464 0.021999
1 0.631381 0.287415 0.019471 0.022566
3 0.668486 0.591119 0.017388 0.021860
1 0.685324 0.357782 0.020856 0.022947
3 0.035302 0.514621 0.017707 0.021522
3 0.537024 0.418020 0.017083 0.021696
1 0.899539 0.436282 0.021364 0.022975
1 0.117576 0.122480 0.018863 0.021524
3 0.385791 0.936908 0.016582 0.021390
1 0.443657 0.601252 0.020224 0.022502
0 0.667476 0.497245 0.007627 0.129613
0 0.629649 0.375798 0.006171 0.133921
0 0.550553 0.285033 0.005367 0.127092
0 0.604187 0.458171 0.007209 0.130435
0 0.683248 0.446366 0.006271 0.135117
0 0.034241 0.406018 0.006490 0.159569
0 0.385064 0.829641 0.006355 0.160310
0 0.898181 0.525778 0.005695 0.134285
0 0.536960 0.325293 0.006614 0.126986
0 0.116045 0.228423 0.005676 0.165306
0 0.802562 0.843460 0.005536 0.129876
