4 0.117095 0.380361 0.021915 0.021088
2 0.726388 0.503627 0.019011 0.024460
1 0.443554 0.215193 0.019899 0.021623
1 0.897169 0.317215 0.019852 0.021404
3 0.819588 0.804521 0.018730 0.022884
3 0.403848 0.483845 0.019082 0.022566
2 0.637840 0.609909 0.020015 0.023656
2 0.911044 0.565031 0.018171 0.024064
2 0.310980 0.386767 0.020237 0.023919
1 0.696792 0.193050 0.021368 0.022146
1 0.333892 0.153685 0.021830 0.021538
2 0.125879 0.589391 0.020125 0.023294
4 0.269458 0.114135 0.020439 0.019982
1 0.733936 0.282283 0.021103 0.021935
4 0.559163 0.113512 0.019961 0.018971
0 0.695112 0.292055 0.005207 0.150956
0 0.402644 0.384108 0.006329 0.142126
0 0.637184 0.506795 0.005990 0.145801
0 0.115980 0.476498 0.005670 0.143264
0 0.332359 0.249378 0.005464 0.148009
0 0.895635 0.414843 0.004901 0.151580
0 0.557389 0.211727 0.004784 0.151144
0 0.819255 0.702463 0.005674 0.147340
0 0.725530 0.403327 0.006001 0.140384
0 0.310382 0.286872 0.006890 0.139947
0 0.267717 0.210059 0.005316 0.147039
0 0.732534 0.378833 0.006285 0.140174
