2 0.679619 0.566778 0.017545 0.021965
1 0.659129 0.257437 0.020286 0.021350
1 0.293926 0.438981 0.019403 0.021799
3 0.861873 0.936036 0.017356 0.022295
1 0.906387 0.524193 0.019529 0.020716
3 0.240551 0.818353 0.018146 0.021802
2 0.622074 0.597682 0.019950 0.024081
1 0.443608 0.675907 0.019769 0.020645
3 0.434843 0.936301 0.017720 0.022039
1 0.342331 0.450073 0.019451 0.019790
2 0.913250 0.772195 0.017328 0.021610
4 0.066660 0.113975 0.020486 0.019001
2 0.317654 0.741852 0.019943 0.023151
4 0.729195 0.134002 0.020675 0.020310
1 0.561570 0.114556 0.019203 0.017906
0 0.433750 0.814086 0.005988 0.194791
0 0.292353 0.558822 0.005547 0.193073
0 0.064999 0.235341 0.005084 0.196422
0 0.240051 0.696267 0.006874 0.191805
0 0.341001 0.570817 0.005222 0.196857
0 0.679004 0.452632 0.006498 0.165191
0 0.560074 0.224187 0.004655 0.177276
0 0.623483 0.488639 0.007125 0.156273
0 0.860804 0.824399 0.006664 0.170650
0 0.727899 0.244267 0.005333 0.172924
0 0.319642 0.621403 0.007656 0.183726
0 0.657959 0.367610 0.006360 0.174149
