1 195.550400 256.391998 21.716125 13.317398
2 767.458496 509.632080 19.702698 14.958618
3 237.448547 572.208008 18.740692 14.157288
2 588.179810 549.798218 18.931396 15.147705
1 145.227417 183.561127 21.218277 12.766068
2 914.489014 209.498596 18.879883 14.983047
3 183.994995 493.131683 18.590927 14.040710
2 97.346855 408.131165 17.761230 13.381958
1 115.970963 154.820770 20.570663 13.175369
2 353.910400 509.703735 19.128235 14.036407
4 311.045227 187.999191 23.713715 13.641357
4 445.240417 69.054726 20.938782 12.604355
4 686.890015 188.287689 23.618225 13.601303
1 550.755981 335.860840 20.674988 13.596649
3 135.237289 413.632507 17.299866 13.940765
4 908.218872 69.604347 21.705750 13.178436
0 308.845337 292.121399 6.699799 182.074768
0 97.402756 302.270538 7.553520 181.483322
0 549.336792 397.822876 6.037231 96.807831
0 134.504181 306.179474 7.376434 183.192673
0 66.351318 222.444427 7.229179 188.111328
0 183.177551 384.482178 7.184753 180.122498
0 194.285416 359.927643 6.256927 181.600342
0 684.836182 250.457886 5.175598 96.190201
0 143.146072 286.259033 7.488251 185.348633
0 236.157471 462.354309 7.172882 181.595245
0 114.650749 257.723511 6.390381 181.632767
0 353.092346 403.626160 6.457550 180.177734
0 766.928711 445.171753 7.165649 93.977600
0 587.212402 484.755188 7.629272 94.104614
5 68.824585 123.225677 40.982536 29.346733
