3 0.022314 0.775140 0.017810 0.022834
2 0.899655 0.518134 0.019091 0.023642
2 0.761166 0.747060 0.018744 0.023666
4 0.095359 0.267383 0.022974 0.021814
1 0.792118 0.303461 0.020639 0.021182
2 0.814703 0.706905 0.018697 0.022331
1 0.913624 0.167406 0.019861 0.021081
3 0.392500 0.936709 0.018391 0.022359
2 0.138589 0.694499 0.019991 0.023413
1 0.594505 0.262772 0.021804 0.022026
3 0.574813 0.639731 0.017853 0.021439
1 0.728868 0.289505 0.021028 0.020888
1 0.443870 0.488146 0.020511 0.021963
4 0.883363 0.154065 0.021599 0.021065
3 0.663318 0.936485 0.017984 0.021532
4 0.229811 0.113384 0.019346 0.019100
0 0.574280 0.501610 0.006556 0.219101
0 0.760475 0.605507 0.005848 0.219204
0 0.882293 0.293654 0.005452 0.222946
0 0.898271 0.377843 0.007508 0.217212
0 0.138624 0.549938 0.006187 0.235147
0 0.021554 0.627081 0.006405 0.232489
0 0.835402 0.558076 0.006376 0.223353
0 0.662782 0.798284 0.006875 0.220139
0 0.391741 0.791543 0.006091 0.232284
0 0.727886 0.423974 0.006034 0.225350
1 0.531336 0.114160 0.017775 0.017894
0 0.814186 0.568844 0.006196 0.223772
0 0.825976 0.504815 0.005723 0.211031
0 0.228227 0.254605 0.005842 0.239020
0 0.790809 0.438282 0.005841 0.227245
0 0.529281 0.246843 0.005252 0.223088
0 0.592402 0.394343 0.006589 0.222772
0 0.826120 0.534707 0.006207 0.179778
0 0.814284 0.539957 0.005609 0.159588
