3 0.440681 0.534031 0.017912 0.022546
4 0.082222 0.161999 0.021296 0.020686
1 0.443453 0.285949 0.020207 0.021414
2 0.596226 0.744197 0.019454 0.023153
1 0.401953 0.181629 0.020750 0.020476
3 0.873513 0.937274 0.018959 0.022828
2 0.354768 0.442331 0.019552 0.023452
1 0.372535 0.150877 0.019933 0.020656
1 0.910366 0.473315 0.019228 0.020518
3 0.742828 0.757266 0.018086 0.023307
1 0.708073 0.306718 0.019931 0.021282
2 0.110480 0.485023 0.020771 0.022997
4 0.796776 0.253620 0.020283 0.019698
2 0.688930 0.667734 0.019845 0.022740
3 0.391978 0.448373 0.016941 0.022146
3 0.240531 0.588575 0.018809 0.022166
1 0.649718 0.191382 0.020417 0.020339
4 0.157537 0.113471 0.019953 0.019002
0 0.648419 0.321890 0.005203 0.216171
0 0.371630 0.269047 0.005296 0.199801
0 0.742216 0.622968 0.005726 0.208084
0 0.707155 0.436493 0.005248 0.213497
0 0.354608 0.316369 0.006578 0.194642
0 0.391668 0.322886 0.005836 0.192045
0 0.527191 0.246723 0.006012 0.220539
0 0.109548 0.357726 0.006986 0.194698
0 0.323574 0.236436 0.005352 0.202703
0 0.080424 0.285280 0.005247 0.197569
0 0.872758 0.804259 0.006368 0.212975
0 0.240029 0.463461 0.005991 0.198463
0 0.795258 0.384330 0.005175 0.214501
0 0.400062 0.303811 0.005533 0.199689
4 0.529950 0.113057 0.017335 0.017690
0 0.595031 0.611514 0.006122 0.209834
0 0.109218 0.358085 0.004598 0.199386
0 0.688644 0.533220 0.006859 0.211759
5 0.325808 0.128422 0.041093 0.043429
