3 0.901820 0.899523 0.018760 0.023747
4 0.084453 0.162240 0.021913 0.021364
3 0.443268 0.534291 0.018113 0.022155
1 0.404389 0.181465 0.020553 0.020995
3 0.770975 0.728863 0.018363 0.022580
4 0.825060 0.247723 0.021239 0.020021
1 0.677999 0.187583 0.020640 0.021298
2 0.113114 0.484991 0.020518 0.023272
1 0.374984 0.151016 0.020700 0.021163
1 0.735929 0.297270 0.020161 0.020131
2 0.357030 0.442449 0.019001 0.023280
2 0.716940 0.643046 0.019317 0.023189
2 0.624252 0.717021 0.019272 0.023101
3 0.242578 0.588562 0.019030 0.022990
4 0.160096 0.113803 0.020291 0.018703
3 0.394684 0.447923 0.017391 0.021562
4 0.556980 0.113545 0.019411 0.018815
0 0.393905 0.321867 0.005931 0.195440
0 0.769915 0.600145 0.006478 0.200199
0 0.111957 0.358074 0.006571 0.194660
0 0.082916 0.284817 0.005319 0.200492
0 0.676490 0.312389 0.005261 0.205219
0 0.735559 0.420990 0.004941 0.204157
0 0.241737 0.463372 0.006114 0.194247
0 0.900896 0.771454 0.006403 0.199816
0 0.823496 0.373099 0.005560 0.205368
0 0.402121 0.308735 0.006011 0.207877
0 0.325187 0.235472 0.004909 0.200725
0 0.356043 0.314658 0.007100 0.191611
0 0.716438 0.514760 0.005573 0.199976
0 0.555241 0.238712 0.005051 0.206017
1 0.909708 0.603116 0.020169 0.021458
0 0.623354 0.587930 0.006204 0.201129
0 0.158030 0.236125 0.005598 0.203950
0 0.373782 0.271522 0.006842 0.197290
5 0.328347 0.128450 0.044238 0.043462
