3 227.857544 488.139313 17.266922 13.715759
1 444.903442 200.284790 21.799622 14.179260
4 915.432617 82.906540 21.195496 13.195236
2 84.178375 363.050385 19.312233 14.024353
1 128.987900 73.840561 19.188744 13.113258
1 829.496155 170.828720 22.184937 13.854919
1 276.939056 190.325684 20.947510 12.759506
1 766.367554 150.456543 21.700623 13.190506
3 657.840637 572.636230 16.167969 12.798645
3 362.128723 572.906616 16.987549 12.707947
2 798.079773 384.599121 19.841797 13.792633
4 38.358475 69.017876 19.027054 11.366531
0 361.428528 475.881500 6.861908 161.013733
0 764.758789 220.972900 5.818604 114.607986
0 127.030762 167.686935 5.696602 165.956421
0 83.527641 265.324677 6.586792 158.751541
0 226.997742 391.649353 6.336929 158.532959
0 858.708862 311.372803 7.067322 109.124756
0 797.483276 310.456665 5.503174 107.240204
0 829.974548 237.366409 5.874146 108.234772
0 275.214111 285.306335 6.659515 160.857864
4 532.926392 69.518921 20.195740 11.575165
0 37.098228 164.922714 5.649723 159.821716
0 657.309387 500.293274 6.972046 112.073883
0 227.338272 391.716827 4.099121 158.645508
5 860.780518 382.125000 52.987671 36.346924
