1 0.444271 0.483558 0.019779 0.023450
2 0.665742 0.661716 0.019811 0.025483
1 0.606630 0.228330 0.021630 0.022666
2 0.282332 0.752745 0.019372 0.024106
1 0.755095 0.418961 0.022454 0.024079
1 0.320278 0.329657 0.020943 0.021705
3 0.531031 0.736417 0.016658 0.022279
1 0.685655 0.380952 0.022980 0.024788
3 0.717307 0.718718 0.017823 0.022512
3 0.403792 0.913490 0.018846 0.021796
3 0.830965 0.935898 0.017024 0.022756
4 0.183642 0.113512 0.019851 0.019808
0 0.683080 0.482423 0.007175 0.156672
0 0.402913 0.761714 0.007928 0.250590
3 0.030282 0.935761 0.017739 0.021140
0 0.830624 0.830482 0.005933 0.158797
0 0.753397 0.523053 0.006832 0.163695
0 0.603959 0.331464 0.006672 0.162526
0 0.529344 0.629138 0.008490 0.152498
0 0.181935 0.260596 0.006487 0.249754
0 0.665378 0.552926 0.008904 0.155748
0 0.318648 0.475836 0.006127 0.248845
0 0.030513 0.786628 0.007987 0.243424
5 0.911695 0.423290 0.036920 0.043206
