2 0.550670 0.930074 0.017299 0.024368
2 0.631165 0.864859 0.018795 0.023361
2 0.257893 0.518581 0.020184 0.023854
4 0.613135 0.618339 0.022365 0.021922
2 0.066313 0.808132 0.019022 0.023361
1 0.559024 0.722993 0.020624 0.022200
2 0.443378 0.350296 0.018332 0.023682
1 0.913947 0.275039 0.019706 0.022488
4 0.250050 0.336476 0.022763 0.021520
2 0.880725 0.567654 0.020151 0.024443
4 0.401543 0.113797 0.022014 0.022284
4 0.051425 0.614179 0.022184 0.021623
4 0.801094 0.114616 0.021818 0.022361
0 0.065153 0.720361 0.006088 0.117931
0 0.630044 0.767177 0.006698 0.129214
0 0.550832 0.830784 0.007252 0.134748
0 0.879305 0.471790 0.006664 0.129704
0 0.049924 0.700011 0.006130 0.123426
0 0.800091 0.205572 0.005945 0.138322
0 0.566918 0.839421 0.006992 0.131137
0 0.611138 0.712286 0.006619 0.135978
0 0.557525 0.816468 0.005557 0.142304
0 0.257761 0.430596 0.007421 0.115811
3 0.567669 0.935559 0.014829 0.021712
0 0.400040 0.197646 0.006510 0.122785
0 0.248387 0.420829 0.007072 0.121662
