1 0.645167 0.287197 0.019863 0.021714
1 0.564378 0.200689 0.020080 0.021098
3 0.817176 0.936232 0.017134 0.021966
3 0.551389 0.418181 0.016594 0.021243
1 0.913448 0.436325 0.020176 0.022215
3 0.619215 0.552003 0.017587 0.022909
1 0.699012 0.357936 0.020389 0.021411
3 0.681744 0.591205 0.016706 0.021321
3 0.035300 0.514627 0.017714 0.021528
1 0.117576 0.122480 0.018863 0.021524
3 0.385789 0.936901 0.016562 0.021368
1 0.443647 0.601184 0.020110 0.022234
0 0.643652 0.375370 0.005598 0.134831
0 0.816576 0.843310 0.005444 0.130420
0 0.034243 0.405966 0.006536 0.159562
0 0.550876 0.325582 0.006278 0.127178
0 0.385059 0.829644 0.006314 0.160271
0 0.697320 0.447209 0.005227 0.135772
0 0.564701 0.287073 0.005611 0.126378
0 0.116045 0.228434 0.005684 0.165325
0 0.681445 0.495962 0.006788 0.127492
0 0.618508 0.458266 0.006542 0.130005
