2 0.913148 0.858716 0.018203 0.023229
4 0.563936 0.317899 0.022708 0.022334
1 0.106106 0.419490 0.020206 0.020753
2 0.645015 0.868118 0.019026 0.023640
1 0.026820 0.253421 0.019935 0.019752
1 0.055836 0.300301 0.021238 0.020504
3 0.148134 0.936140 0.017788 0.022446
2 0.443319 0.825276 0.018726 0.024565
4 0.221049 0.308079 0.023030 0.021437
2 0.264385 0.834496 0.019328 0.023508
4 0.785852 0.114282 0.020977 0.021036
3 0.095105 0.807408 0.017735 0.022596
3 0.046082 0.676978 0.017186 0.021417
4 0.355688 0.113305 0.020909 0.019758
0 0.644081 0.759568 0.005856 0.159821
0 0.104858 0.590583 0.007086 0.301941
0 0.783846 0.220113 0.005371 0.167612
0 0.353875 0.281765 0.006830 0.304030
0 0.054675 0.470090 0.006701 0.296291
0 0.147717 0.760849 0.006718 0.294293
0 0.046072 0.502278 0.007966 0.292973
0 0.263733 0.657316 0.006639 0.287219
0 0.025244 0.423548 0.005626 0.294777
0 0.147787 0.759988 0.004781 0.288793
0 0.054659 0.466844 0.004662 0.291625
0 0.263300 0.669735 0.004932 0.269265
0 0.046505 0.493156 0.005040 0.269796
