2 0.015975 0.530745 0.017641 0.022859
1 0.691979 0.276123 0.021471 0.023175
2 0.677779 0.551249 0.019082 0.022794
1 0.026744 0.225383 0.020820 0.021389
2 0.405328 0.758932 0.019022 0.023873
1 0.443875 0.351536 0.020575 0.021948
3 0.154549 0.936357 0.017909 0.022079
1 0.879123 0.397311 0.020581 0.022446
4 0.307691 0.143374 0.022139 0.020965
3 0.803493 0.936106 0.017366 0.021997
2 0.911152 0.754834 0.018692 0.022844
4 0.626399 0.114053 0.019911 0.020428
0 0.690527 0.385416 0.006346 0.171691
0 0.676800 0.438005 0.008347 0.163068
0 0.153676 0.790466 0.008081 0.237715
0 0.025316 0.367947 0.007599 0.239017
0 0.877044 0.506640 0.006083 0.172843
0 0.802814 0.825454 0.006951 0.167359
0 0.016582 0.386029 0.007770 0.224616
0 0.305680 0.285908 0.006943 0.242768
0 0.405212 0.613238 0.007426 0.238264
