3 444.505524 378.177429 17.990295 14.083527
4 32.015053 99.076263 22.327213 12.971931
3 756.043030 475.457886 18.736938 14.149658
2 304.772064 270.266602 19.501526 14.237396
1 915.542603 373.466125 19.433167 12.654083
3 625.226440 378.647705 17.618225 13.620270
1 323.254578 92.235695 19.643829 11.875626
1 403.026489 159.314423 20.953522 13.270081
3 391.429474 326.169952 17.774170 13.571045
1 590.384460 132.266754 19.807617 12.803078
2 571.383789 330.143127 20.106445 14.218109
1 807.708862 194.358490 20.963928 13.075409
3 896.430542 571.856079 18.352112 13.422058
1 352.617004 110.770935 20.116211 12.208755
4 679.680054 103.788132 21.653259 12.501625
3 190.737946 359.476318 18.729996 13.367279
2 60.668289 296.152863 19.440769 13.460632
3 342.894958 273.441559 17.122375 13.269775
4 107.104462 69.279694 19.543915 11.554058
0 895.330078 498.760864 6.303101 113.080963
0 589.319702 204.319504 5.303650 115.246185
0 390.979919 249.464020 6.063568 117.374985
0 401.376038 233.554138 5.686646 121.189819
0 273.587769 144.377380 5.094147 121.360611
0 106.022552 143.906494 5.039154 122.836411
0 351.027344 184.245224 5.629852 121.823608
0 755.302734 400.967102 6.164307 114.536072
0 570.682495 255.407257 6.832153 112.345825
1 531.767090 70.074341 19.595642 11.293053
0 304.964233 193.120056 6.680115 117.172119
0 189.567673 282.524963 6.004639 121.315063
0 60.128574 219.599213 5.724533 118.543213
0 678.101990 176.034943 5.352783 116.157730
0 322.021545 166.079895 6.347382 118.515457
0 806.523560 265.846436 5.889221 116.538284
0 342.420319 196.600525 7.046814 118.361526
5 278.489044 79.038025 44.019775 25.253761
