2 643.621948 542.208191 18.882507 14.979614
4 356.969177 145.431030 21.934296 12.866913
3 283.757111 572.259644 18.977783 14.248657
1 242.197357 222.261444 21.057632 13.191818
2 823.593933 488.811676 19.642090 14.982300
2 400.421722 502.239014 19.569153 14.127960
3 181.471375 394.243774 18.366455 13.767303
2 143.897064 388.022766 18.448410 13.728394
1 162.292450 107.804489 20.410843 12.847603
1 191.171738 140.159927 20.971802 12.190399
3 229.986832 483.230408 18.722595 14.151215
3 30.191360 540.444702 18.335640 13.150452
1 606.901245 266.438599 20.072083 13.754059
3 560.158630 571.632690 17.551880 13.285034
4 742.893677 69.751884 20.599487 12.806324
0 29.680494 422.045227 7.871197 202.068726
0 112.936821 184.353302 6.829681 208.564621
0 823.210327 409.520569 7.320679 124.073273
0 605.431396 344.420166 6.091125 126.727814
0 559.154419 492.257568 7.226196 125.491791
0 642.913086 460.632568 7.543335 124.817474
0 741.329712 147.221802 5.501770 127.546539
0 355.293396 260.519592 6.881134 211.500336
0 143.975296 268.362946 7.897003 209.500473
0 229.230865 365.927673 6.908417 205.894592
0 161.243195 223.879776 6.315170 204.677643
0 399.879730 383.914917 6.524780 198.859222
0 241.349564 335.924042 5.262665 204.709946
0 181.249954 282.305389 5.804382 207.152145
0 282.139221 452.985107 7.778168 201.933319
0 189.134079 252.633087 6.773865 211.509705
5 915.734314 74.770821 42.076538 31.459286
5 445.812500 152.577454 38.520233 26.830582
5 117.462761 78.727753 44.444321 24.021416
