1 0.908992 0.392458 0.018615 0.020700
1 0.566114 0.604181 0.019713 0.021434
4 0.132657 0.162165 0.022032 0.021009
2 0.405173 0.442380 0.018645 0.022908
1 0.423609 0.151079 0.020881 0.021245
2 0.161418 0.485118 0.020270 0.023479
2 0.572244 0.870041 0.018686 0.023926
3 0.896906 0.680116 0.017904 0.023022
1 0.803727 0.181033 0.020076 0.021458
4 0.682465 0.113737 0.019960 0.019486
1 0.862210 0.281617 0.020450 0.021478
2 0.749748 0.669030 0.019430 0.023408
4 0.207613 0.113633 0.019930 0.019500
3 0.291141 0.588965 0.019080 0.022343
2 0.843130 0.601770 0.019515 0.023559
3 0.443233 0.447433 0.017158 0.020706
0 0.422619 0.270883 0.004985 0.196499
0 0.160447 0.358541 0.006537 0.196158
0 0.895769 0.561745 0.006751 0.183973
3 0.544362 0.935001 0.016338 0.020526
0 0.206054 0.236903 0.005201 0.200978
0 0.802296 0.297626 0.005672 0.188648
0 0.543832 0.818020 0.006527 0.185916
0 0.289917 0.462456 0.006349 0.195300
0 0.842384 0.480221 0.006943 0.179482
0 0.681474 0.231709 0.006031 0.191457
0 0.861368 0.397196 0.005507 0.183710
0 0.564269 0.720036 0.005777 0.191437
0 0.131159 0.284545 0.005365 0.199521
0 0.572176 0.744945 0.006081 0.167878
0 0.405168 0.315208 0.007201 0.196514
0 0.749043 0.548531 0.007430 0.183939
0 0.373622 0.236200 0.006131 0.201307
5 0.375820 0.124027 0.046627 0.050645
