1 0.914195 0.712076 0.019659 0.022558
3 0.736063 0.858976 0.017230 0.022460
3 0.365371 0.805098 0.016250 0.021032
3 0.584136 0.680075 0.018606 0.022156
1 0.626763 0.378539 0.020373 0.022035
3 0.814752 0.890404 0.017036 0.021781
1 0.855696 0.611937 0.020467 0.022089
1 0.368768 0.624930 0.020368 0.021667
1 0.699045 0.557415 0.020741 0.022265
3 0.226909 0.777449 0.016735 0.021380
3 0.688685 0.765104 0.016163 0.020646
1 0.770974 0.564500 0.020498 0.022088
3 0.899228 0.936347 0.016572 0.021977
3 0.442718 0.935864 0.016497 0.021896
1 0.289510 0.488268 0.019808 0.020845
0 0.583204 0.586656 0.006144 0.129473
0 0.769525 0.653590 0.006024 0.134858
0 0.226478 0.686199 0.005634 0.130691
0 0.814428 0.795945 0.007170 0.127976
0 0.735189 0.765602 0.005547 0.126824
0 0.853832 0.700681 0.006458 0.134288
0 0.697304 0.645821 0.006243 0.128930
0 0.898542 0.843289 0.007069 0.130627
0 0.287722 0.576672 0.004556 0.132486
0 0.688372 0.673069 0.007311 0.128169
0 0.735121 0.765909 0.007709 0.131059
