3 124.010696 450.063965 18.064178 13.841156
3 898.642700 572.488892 17.655090 13.887146
1 915.516968 401.826904 19.914612 13.077728
3 443.970184 572.272217 17.559814 13.642334
1 600.118774 129.945923 19.848572 12.570557
3 259.024414 527.173645 17.424591 13.397217
1 173.054474 175.114471 20.587204 12.887711
1 663.180176 147.898590 19.417053 13.168732
1 340.711670 184.092072 22.910461 13.660690
2 632.081055 343.326172 19.173035 14.194855
4 750.016052 69.845093 19.891479 12.724670
0 339.353912 271.913177 7.005920 149.586197
0 664.325989 210.005783 5.570435 96.098236
1 24.671192 70.493889 19.789253 11.458801
0 692.482178 276.378662 5.786926 100.438004
0 598.724854 195.831680 5.033508 102.792908
0 123.268845 360.592743 6.739655 145.410339
0 23.661009 157.261749 4.819778 148.856750
0 898.171265 506.444702 6.603638 98.323456
0 631.671021 275.384918 5.857727 95.654602
0 171.598221 261.952087 6.407257 148.174393
0 257.748596 437.117432 7.142899 145.726318
0 748.170959 135.101456 5.254028 102.793152
5 694.376038 342.809326 39.187622 31.163971
