4 0.673537 0.221678 0.022093 0.020538
3 0.267141 0.937004 0.017169 0.022208
1 0.908998 0.645223 0.019712 0.021470
3 0.815260 0.676934 0.017493 0.021609
1 0.216252 0.528843 0.019691 0.021115
4 0.355601 0.416398 0.021767 0.020700
2 0.696689 0.557414 0.019580 0.023345
3 0.894047 0.935973 0.016734 0.021853
1 0.827227 0.395536 0.019605 0.021661
1 0.130561 0.338058 0.019031 0.020997
1 0.050960 0.114426 0.018873 0.019158
3 0.205061 0.818129 0.017215 0.021683
3 0.127505 0.601773 0.016330 0.021408
4 0.743270 0.114094 0.019459 0.020664
3 0.562912 0.935489 0.015452 0.020282
0 0.742029 0.227624 0.005455 0.181851
0 0.215126 0.657793 0.006463 0.212838
0 0.893708 0.817726 0.006089 0.177835
0 0.695163 0.438269 0.006264 0.173599
0 0.672436 0.336407 0.005736 0.182192
0 0.049860 0.242405 0.005094 0.215284
0 0.354004 0.547122 0.005792 0.215251
0 0.825929 0.507573 0.005474 0.177743
0 0.266174 0.804197 0.006120 0.211410
0 0.204756 0.684703 0.006500 0.210244
0 0.813925 0.559316 0.006725 0.172111
5 0.443604 0.933200 0.040670 0.051291
