1 0.589515 0.390726 0.019277 0.021924
3 0.891864 0.936187 0.017247 0.022720
3 0.443012 0.936791 0.016608 0.022364
3 0.625925 0.604643 0.015951 0.021032
3 0.572034 0.559399 0.017140 0.023348
1 0.774200 0.546229 0.020077 0.022102
1 0.719820 0.501285 0.019756 0.022202
1 0.638493 0.445827 0.019419 0.021720
3 0.693533 0.690260 0.017220 0.022820
1 0.915119 0.757670 0.019484 0.023347
3 0.092514 0.514487 0.017767 0.021641
3 0.756424 0.715106 0.016608 0.021322
1 0.174834 0.123463 0.017746 0.020588
0 0.588030 0.457658 0.006007 0.090269
0 0.891749 0.866029 0.005643 0.086376
0 0.092034 0.407718 0.007011 0.160629
0 0.693264 0.619746 0.007028 0.086342
0 0.755901 0.645656 0.007069 0.085561
0 0.639102 0.512234 0.006324 0.082284
0 0.173887 0.226864 0.005735 0.167141
0 0.772184 0.612718 0.006658 0.088712
0 0.571870 0.489769 0.006977 0.086537
