3 249.707489 488.078522 17.267258 13.735779
1 885.517578 170.588196 19.402039 12.749588
1 822.286133 150.466461 20.215027 12.629562
3 713.631348 572.724548 16.433472 12.937500
1 298.948608 190.146667 20.377289 12.532974
2 106.104156 362.933655 19.125694 13.803253
1 151.073547 74.658447 18.090805 12.229500
3 384.632996 572.602478 16.721832 12.918335
1 444.926544 250.431763 20.388733 13.093460
2 854.528564 384.506378 19.177124 14.083740
4 60.246014 69.251343 19.912056 11.294468
4 587.986206 69.645828 17.948120 11.914818
0 105.627594 266.686493 6.166603 157.791367
0 820.913269 221.167145 5.669556 113.938980
0 59.122452 164.767334 5.122231 160.427460
0 885.808899 236.575089 5.059692 107.598907
0 713.150635 500.254517 6.469849 111.964081
0 587.132935 140.510406 5.691345 113.930992
0 297.519714 283.532471 5.247589 162.220184
0 383.354004 476.279358 6.421539 159.091827
0 853.371094 310.209595 6.055603 107.641754
0 150.043671 168.640625 5.453979 163.489594
5 916.365845 383.130554 35.129761 31.549072
