1 0.862369 0.198884 0.019289 0.021222
4 0.806353 0.172375 0.022091 0.021955
1 0.168443 0.465110 0.020872 0.022174
2 0.838282 0.420808 0.019283 0.024034
2 0.869255 0.375607 0.017940 0.023544
3 0.136438 0.791216 0.018317 0.021771
4 0.443854 0.167839 0.022274 0.021593
4 0.911201 0.113383 0.020776 0.021367
3 0.251407 0.936251 0.017677 0.022213
3 0.588685 0.935643 0.016774 0.021457
0 0.135709 0.666134 0.007568 0.194236
0 0.870213 0.295401 0.006846 0.102240
0 0.166496 0.587417 0.006151 0.199466
0 0.804906 0.252483 0.005867 0.113955
0 0.588225 0.853924 0.005360 0.108991
0 0.837429 0.337489 0.007270 0.107795
0 0.861018 0.274235 0.005801 0.109373
