2 0.912961 0.342823 0.018376 0.023898
2 0.096434 0.668303 0.018324 0.021942
3 0.236367 0.936926 0.018664 0.023307
2 0.586327 0.899727 0.019023 0.024263
3 0.134132 0.677130 0.017888 0.022678
4 0.309553 0.307503 0.022886 0.021731
1 0.194376 0.419848 0.020914 0.021554
1 0.144300 0.300763 0.021480 0.020839
2 0.765967 0.834445 0.019877 0.024424
1 0.114790 0.253217 0.019972 0.020161
2 0.352734 0.834620 0.019349 0.023378
3 0.182723 0.807608 0.018435 0.023375
4 0.443386 0.112877 0.020672 0.020538
1 0.549428 0.549974 0.020242 0.022195
4 0.685192 0.307650 0.023921 0.023267
4 0.906725 0.113628 0.021753 0.021733
0 0.096362 0.494787 0.007131 0.296817
0 0.683238 0.410773 0.005909 0.155816
0 0.065237 0.363974 0.006884 0.307962
0 0.307439 0.479513 0.006625 0.301686
0 0.113502 0.423186 0.006922 0.297755
0 0.181997 0.627734 0.006871 0.292642
0 0.351655 0.661259 0.005662 0.294942
0 0.765621 0.728462 0.007191 0.150479
0 0.585686 0.792909 0.006816 0.150354
0 0.548149 0.651049 0.005108 0.157011
0 0.235186 0.760171 0.006371 0.290485
0 0.133921 0.507439 0.006097 0.303670
0 0.142139 0.472462 0.007623 0.298631
0 0.193244 0.590721 0.006568 0.308820
0 0.904761 0.217512 0.006680 0.161159
0 0.133915 0.494894 0.004518 0.276827
5 0.067911 0.201544 0.040702 0.048689
