3 267.914093 573.135010 17.756470 13.479248
4 679.733276 135.851212 21.558655 12.606049
1 915.966370 394.758667 19.683350 13.244293
1 216.900696 323.591339 19.723541 13.231262
2 702.572754 340.844849 19.468079 14.473846
3 900.651855 572.308594 16.573425 12.926575
4 356.507812 254.719635 21.245850 12.782822
3 127.439789 367.962830 16.321709 13.268890
3 568.681458 572.169800 16.206543 12.304688
1 130.764130 206.712143 19.328842 13.109772
1 833.738342 242.260254 20.083618 13.111526
3 821.346741 413.773041 17.740234 13.444275
3 205.297012 500.304688 18.359192 13.534760
1 51.220398 70.171852 19.454418 12.357861
4 749.992432 69.723999 19.513611 12.485710
0 215.522766 402.115265 6.448990 130.853149
0 50.014160 148.077637 5.162830 130.935654
0 355.113190 334.455475 5.914978 129.938049
0 832.336304 311.425354 5.240662 110.466217
0 204.975220 420.002167 7.261215 128.166016
0 821.018066 342.190155 7.766724 109.674072
0 567.977783 501.450317 5.384216 108.672699
0 900.377808 500.541199 6.607056 107.763306
0 267.182739 492.290222 5.974030 128.817352
0 678.152527 205.405258 5.238647 111.369965
0 701.675293 267.885681 6.350525 106.219742
0 748.181396 139.264008 5.251160 111.209450
5 444.544983 571.657715 42.557892 31.181396
