3 0.443297 0.534297 0.017666 0.021873
4 0.084453 0.162241 0.021814 0.021354
3 0.904243 0.899716 0.017991 0.022411
1 0.738273 0.297451 0.020004 0.020735
4 0.827430 0.247654 0.021494 0.020116
1 0.404361 0.181480 0.020422 0.020777
1 0.680310 0.187022 0.020361 0.020763
2 0.113176 0.484823 0.020731 0.023776
1 0.374964 0.150992 0.020573 0.021005
2 0.357085 0.442651 0.019081 0.023025
2 0.626453 0.716982 0.019817 0.023465
2 0.719310 0.643271 0.019846 0.022764
3 0.394822 0.447884 0.017444 0.021748
3 0.242607 0.588544 0.018877 0.022793
4 0.160093 0.113804 0.020251 0.018666
3 0.772888 0.728658 0.016869 0.020757
4 0.558946 0.113770 0.019975 0.018877
0 0.393913 0.322109 0.005526 0.194580
0 0.902838 0.773337 0.005255 0.199847
0 0.678896 0.312261 0.005361 0.206742
0 0.241723 0.462972 0.005729 0.195588
0 0.112064 0.358221 0.006098 0.193043
0 0.772904 0.600149 0.005524 0.197359
0 0.082943 0.284979 0.005080 0.200471
0 0.402138 0.308006 0.005673 0.206669
0 0.736717 0.421635 0.004927 0.207331
0 0.325203 0.235655 0.004787 0.201167
0 0.356061 0.314610 0.006666 0.191316
0 0.557420 0.238699 0.004999 0.207375
0 0.825963 0.373930 0.005250 0.205216
0 0.158033 0.236462 0.005501 0.204577
1 0.914860 0.603986 0.016422 0.020875
0 0.373758 0.271611 0.006624 0.197538
5 0.328308 0.128377 0.043959 0.043230
