1 0.565971 0.387816 0.019899 0.021805
2 0.192282 0.752431 0.019548 0.023779
2 0.808724 0.479909 0.019372 0.024436
4 0.406300 0.298045 0.021399 0.020358
1 0.229626 0.329881 0.020807 0.020812
4 0.913531 0.112707 0.019104 0.019785
3 0.312900 0.913620 0.017717 0.021377
1 0.822989 0.225895 0.022766 0.023752
4 0.443914 0.274254 0.019940 0.020462
2 0.421303 0.643893 0.019360 0.023361
4 0.780827 0.144140 0.021931 0.021539
3 0.855136 0.582837 0.018365 0.022904
3 0.642014 0.935243 0.016393 0.022183
4 0.093366 0.113598 0.019954 0.019834
0 0.854129 0.469501 0.008196 0.164599
0 0.191316 0.601232 0.007860 0.246433
0 0.809376 0.373648 0.007948 0.153741
0 0.779198 0.253974 0.006777 0.171217
0 0.529092 0.595450 0.006766 0.151938
0 0.091787 0.260020 0.006129 0.249018
0 0.420550 0.491221 0.007967 0.241407
0 0.564520 0.496638 0.005674 0.173209
0 0.641670 0.822912 0.006083 0.166482
0 0.821384 0.332971 0.006984 0.171621
0 0.404658 0.442361 0.006764 0.253193
3 0.528354 0.703679 0.015891 0.020935
0 0.228057 0.475406 0.007553 0.249975
0 0.228151 0.477540 0.005172 0.254175
