1 0.144281 0.300857 0.020941 0.020461
2 0.096433 0.668294 0.018346 0.021942
3 0.236367 0.936926 0.018664 0.023307
3 0.134097 0.677106 0.017933 0.022720
1 0.194376 0.419837 0.020956 0.021487
2 0.577068 0.899621 0.018821 0.024583
1 0.114735 0.253283 0.020332 0.020477
2 0.756591 0.834456 0.019730 0.023726
2 0.912864 0.380559 0.018420 0.023905
2 0.352735 0.834617 0.019343 0.023346
3 0.182722 0.807610 0.018434 0.023374
4 0.309604 0.307635 0.022870 0.021930
4 0.443397 0.112883 0.020643 0.020496
4 0.675823 0.307969 0.023000 0.021802
1 0.540232 0.549602 0.019787 0.021926
4 0.897258 0.113394 0.021535 0.021947
0 0.538733 0.650720 0.005626 0.156847
0 0.096361 0.494808 0.007024 0.296709
0 0.065244 0.364024 0.006810 0.307559
0 0.307454 0.479443 0.006501 0.302014
0 0.113502 0.423871 0.006828 0.296579
0 0.895568 0.215068 0.005290 0.157421
0 0.181996 0.627789 0.006892 0.292570
0 0.351657 0.661303 0.005590 0.294915
0 0.576237 0.794012 0.007363 0.150584
0 0.674209 0.410342 0.005159 0.160511
0 0.235187 0.760147 0.006383 0.290520
0 0.133932 0.507285 0.005964 0.303002
0 0.756086 0.728919 0.006924 0.152845
0 0.193244 0.590761 0.006542 0.308801
0 0.142128 0.472522 0.007523 0.299129
0 0.133913 0.495228 0.004471 0.277171
5 0.067866 0.201691 0.040446 0.048668
