2 0.913444 0.810473 0.017847 0.023782
1 0.906630 0.617461 0.020392 0.022730
2 0.605160 0.530312 0.020484 0.023543
2 0.293246 0.653043 0.019800 0.023198
1 0.652694 0.225372 0.020010 0.022050
3 0.178666 0.724882 0.017677 0.022504
3 0.859644 0.936100 0.017545 0.022276
3 0.432245 0.936279 0.017548 0.022157
1 0.254133 0.346075 0.019866 0.021052
1 0.748369 0.409989 0.020659 0.023433
3 0.728155 0.640683 0.018239 0.023206
1 0.443088 0.697747 0.020759 0.022643
1 0.304699 0.423603 0.020265 0.021019
0 0.858940 0.846958 0.006794 0.125177
0 0.746254 0.495606 0.005373 0.127628
0 0.527082 0.199793 0.005004 0.123711
0 0.606598 0.442722 0.005888 0.116679
0 0.650741 0.310580 0.005136 0.129242
0 0.252466 0.453679 0.005264 0.171228
0 0.294690 0.546842 0.006581 0.162590
0 0.728182 0.549574 0.007010 0.120760
0 0.431160 0.826790 0.007134 0.168061
0 0.178230 0.614699 0.007507 0.165956
0 0.303324 0.530027 0.005862 0.167363
4 0.529817 0.113206 0.017654 0.018728
