4 0.664115 0.162625 0.020656 0.021211
3 0.600470 0.447146 0.018374 0.023637
3 0.280307 0.687224 0.015633 0.020682
2 0.912720 0.881054 0.018126 0.023271
3 0.442724 0.936062 0.016657 0.022189
1 0.899701 0.673180 0.019433 0.021853
1 0.173028 0.353691 0.020592 0.022410
1 0.285391 0.514838 0.019101 0.021277
1 0.260185 0.489918 0.018847 0.020801
2 0.644901 0.384535 0.018740 0.022985
3 0.257022 0.656595 0.016012 0.021212
3 0.167723 0.524818 0.015793 0.021906
3 0.866129 0.936071 0.017954 0.022603
1 0.632892 0.183956 0.018371 0.023241
1 0.104247 0.256892 0.020284 0.020818
3 0.095253 0.435911 0.017111 0.021981
1 0.545008 0.115651 0.019622 0.020191
0 0.644395 0.295978 0.006796 0.112504
0 0.543484 0.197428 0.005292 0.122335
0 0.632610 0.266409 0.005122 0.120296
0 0.898341 0.755524 0.005172 0.118801
0 0.103286 0.340112 0.006447 0.116494
0 0.599966 0.360225 0.007339 0.115725
0 0.865210 0.849671 0.005938 0.114248
0 0.662407 0.246310 0.005618 0.122652
