1 0.561711 0.261082 0.019588 0.022004
3 0.363961 0.936382 0.017436 0.022344
2 0.441328 0.846068 0.018927 0.023206
1 0.417672 0.498150 0.020638 0.021320
3 0.544473 0.475192 0.017338 0.021543
3 0.731168 0.936939 0.017723 0.022760
1 0.909519 0.645839 0.020539 0.023000
2 0.892397 0.846182 0.019925 0.024283
1 0.832309 0.498687 0.020166 0.021670
4 0.190140 0.113799 0.020194 0.020001
3 0.052798 0.817911 0.018286 0.021625
0 0.730314 0.851220 0.006305 0.117405
0 0.893351 0.763768 0.006785 0.113593
0 0.363416 0.796702 0.007143 0.221169
0 0.543945 0.387110 0.007310 0.113975
0 0.052125 0.677260 0.006674 0.224219
0 0.559794 0.342370 0.005861 0.119440
0 0.830346 0.581017 0.004819 0.122448
0 0.415672 0.633158 0.005901 0.227196
0 0.188456 0.249350 0.006951 0.228494
