3 0.562871 0.559506 0.017462 0.022937
3 0.747553 0.715046 0.016944 0.021631
1 0.628920 0.445924 0.019700 0.021657
3 0.443018 0.936781 0.016522 0.022175
1 0.580150 0.390789 0.019410 0.022032
1 0.764101 0.546574 0.019520 0.022067
3 0.684722 0.690617 0.017305 0.022610
3 0.882278 0.935997 0.017187 0.022651
3 0.616615 0.604376 0.016416 0.021428
3 0.092511 0.514488 0.017759 0.021620
1 0.914309 0.736926 0.018167 0.020712
1 0.710546 0.501072 0.019458 0.022056
0 0.683846 0.619931 0.006170 0.088193
0 0.629468 0.509996 0.006517 0.086251
1 0.174834 0.123463 0.017746 0.020588
0 0.746776 0.644813 0.006522 0.084431
0 0.762699 0.613351 0.006460 0.090538
0 0.882239 0.866291 0.005202 0.084962
0 0.579024 0.458881 0.005750 0.090221
0 0.616589 0.534548 0.006467 0.086053
0 0.092034 0.407723 0.007024 0.160644
0 0.173887 0.226868 0.005738 0.167154
0 0.708941 0.568724 0.006640 0.089952
