2 0.015852 0.530757 0.017560 0.022446
1 0.694472 0.276052 0.021138 0.023195
2 0.913284 0.754602 0.018278 0.023255
1 0.443871 0.351446 0.020372 0.021733
2 0.405337 0.758918 0.019173 0.024020
1 0.026749 0.225425 0.020860 0.021353
3 0.154548 0.936376 0.017966 0.022072
2 0.679701 0.551381 0.018938 0.023220
3 0.806116 0.936094 0.017320 0.022548
4 0.307734 0.143365 0.022117 0.021035
4 0.629261 0.113667 0.020138 0.020485
1 0.881147 0.397372 0.020301 0.022493
0 0.627443 0.222272 0.006193 0.170322
0 0.153680 0.790413 0.007760 0.237483
0 0.879260 0.506426 0.005602 0.172901
0 0.692922 0.383078 0.006700 0.170866
0 0.025305 0.367892 0.007513 0.239131
0 0.804758 0.825255 0.006832 0.166848
0 0.679312 0.439663 0.008008 0.165154
0 0.405212 0.613238 0.007446 0.239345
0 0.016573 0.386095 0.007717 0.224998
0 0.305670 0.285841 0.007078 0.242828
