3 0.227420 0.797571 0.017549 0.021797
4 0.913627 0.135615 0.020490 0.021112
1 0.443828 0.327052 0.021710 0.022756
2 0.083878 0.593020 0.019007 0.022504
1 0.828308 0.279498 0.022544 0.022689
1 0.764434 0.245911 0.020727 0.020868
1 0.128889 0.120542 0.018643 0.021576
1 0.276174 0.311004 0.020782 0.020573
3 0.361233 0.936107 0.016807 0.021942
3 0.656685 0.935992 0.016618 0.021810
2 0.796476 0.628284 0.019804 0.023580
0 0.828484 0.388550 0.004648 0.170089
4 0.038109 0.112570 0.018247 0.018421
0 0.856217 0.507936 0.006299 0.176863
0 0.762822 0.362179 0.005255 0.187755
0 0.226580 0.640333 0.006400 0.257133
0 0.083495 0.433281 0.006027 0.259007
0 0.360791 0.778504 0.005206 0.259380
0 0.795530 0.507726 0.005729 0.173036
0 0.126670 0.276761 0.006040 0.269215
4 0.530684 0.113219 0.018128 0.017659
0 0.275365 0.465292 0.005900 0.266280
0 0.529115 0.228248 0.005463 0.177465
0 0.037002 0.270251 0.005495 0.261229
0 0.226819 0.640109 0.004042 0.257706
5 0.858653 0.624184 0.050035 0.055628
