1 445.373413 291.896973 22.004852 13.758545
1 697.820679 166.269653 21.292908 12.721527
2 870.139771 542.294861 18.609802 14.602905
2 282.904724 387.988312 19.701355 13.934692
1 833.646729 271.037598 21.503906 13.784607
1 300.934021 107.822266 22.162079 12.850700
1 380.632690 222.119568 21.787048 13.557907
3 646.242065 467.689819 19.101379 13.912201
3 320.281494 394.215027 17.702026 13.423798
4 915.397217 247.725891 21.301025 12.747421
2 39.062225 432.507324 19.407925 13.578522
1 329.903168 139.652283 21.935913 12.913132
3 168.991699 540.484863 20.108536 14.034729
3 422.225159 571.876099 19.386780 13.714661
3 786.508911 571.821899 18.794495 13.425781
3 369.057190 482.819275 19.933411 15.242828
4 85.206726 69.112259 20.469101 11.645962
4 569.258667 69.054489 19.640259 11.894566
0 831.841797 347.191071 6.065613 123.283508
0 168.190491 421.499146 8.388046 201.123169
0 869.535706 461.933777 7.390015 121.024170
0 785.770874 493.081665 7.678894 122.840668
0 299.766418 221.712723 7.459991 208.229950
0 645.578003 387.649353 7.640137 122.826691
0 38.369041 313.309967 8.011745 200.444260
0 83.916718 186.559845 7.438179 203.423706
0 320.255005 276.954865 7.968781 200.194931
0 421.649384 452.951874 8.054016 198.095520
0 379.438232 338.129181 7.892273 211.391739
0 328.750854 258.790771 6.551849 209.596252
0 251.111618 185.449768 7.733826 205.637756
0 567.883240 146.669083 5.346802 125.657814
0 282.303345 268.716888 8.711945 203.365311
0 696.816406 242.362274 6.132324 125.009399
0 369.186401 365.761841 8.612274 199.778046
0 320.059204 273.446472 5.342682 191.795685
4 13.835089 119.755623 16.595089 12.847122
5 257.434143 79.174477 47.225586 25.817719
