2 0.674526 0.727403 0.015309 0.025077
4 0.302361 0.322959 0.021750 0.021635
2 0.754782 0.676626 0.018898 0.023487
2 0.119548 0.805234 0.019197 0.023421
1 0.682280 0.554272 0.019815 0.022654
2 0.311089 0.508217 0.020290 0.024318
4 0.104542 0.609067 0.022169 0.020921
4 0.736287 0.473319 0.022601 0.022101
4 0.913655 0.113022 0.021339 0.021410
4 0.633985 0.461191 0.022254 0.022766
3 0.691126 0.731239 0.016442 0.023588
4 0.443628 0.112997 0.021316 0.020413
0 0.691032 0.650903 0.007274 0.100862
0 0.753366 0.593839 0.007012 0.102404
0 0.010530 0.849242 0.005381 0.121337
0 0.674482 0.646259 0.007489 0.101671
0 0.301324 0.408646 0.006473 0.122756
0 0.310504 0.417008 0.007587 0.117887
0 0.632498 0.538691 0.005767 0.109418
0 0.735472 0.551612 0.005832 0.110547
0 0.681355 0.631752 0.006635 0.109898
0 0.118291 0.717390 0.006938 0.119814
0 0.103065 0.694164 0.006777 0.126139
3 0.012839 0.934984 0.014893 0.020954
