2 0.742878 0.735802 0.018788 0.023556
1 0.703511 0.595114 0.020792 0.023042
2 0.710181 0.800350 0.018893 0.023275
2 0.794155 0.704147 0.018763 0.023449
4 0.443986 0.387977 0.021787 0.021198
2 0.161331 0.652997 0.020061 0.023312
4 0.773659 0.450036 0.021761 0.021750
3 0.656569 0.936052 0.016948 0.022197
3 0.299780 0.936166 0.017302 0.022319
4 0.736452 0.530717 0.022946 0.022535
3 0.046465 0.724913 0.017809 0.022521
4 0.913256 0.113191 0.020915 0.021000
1 0.121781 0.346184 0.019847 0.020766
1 0.544964 0.370322 0.019681 0.022273
1 0.172694 0.423492 0.021015 0.021386
0 0.792729 0.604765 0.007050 0.126224
0 0.543464 0.461728 0.005278 0.138725
0 0.120702 0.454486 0.005805 0.173572
0 0.298788 0.827338 0.006806 0.165097
0 0.171256 0.529417 0.005841 0.168008
0 0.046205 0.611829 0.007090 0.166692
0 0.162151 0.544753 0.007454 0.158362
0 0.702042 0.685252 0.006378 0.137487
0 0.742640 0.637595 0.007047 0.117594
0 0.709908 0.704982 0.006104 0.125482
3 0.526643 0.615374 0.014333 0.020915
0 0.734453 0.617900 0.005301 0.135474
0 0.772645 0.542589 0.005475 0.136426
