1 0.903884 0.581336 0.019110 0.021130
2 0.912537 0.829129 0.017783 0.024357
1 0.106106 0.419485 0.020181 0.020734
1 0.026820 0.253421 0.019934 0.019751
1 0.055837 0.300301 0.021237 0.020502
4 0.538252 0.317625 0.023052 0.022451
2 0.887434 0.858924 0.019209 0.025177
3 0.148138 0.936148 0.017805 0.022457
2 0.443361 0.825275 0.018913 0.024584
2 0.619137 0.868055 0.019206 0.024362
4 0.221045 0.308081 0.023055 0.021437
2 0.264284 0.834605 0.019558 0.023294
3 0.095093 0.807408 0.017738 0.022576
4 0.355687 0.113303 0.020895 0.019749
3 0.046082 0.676877 0.017058 0.021222
4 0.759365 0.114409 0.020630 0.021731
0 0.886698 0.743469 0.006531 0.145395
0 0.902469 0.689209 0.005314 0.166894
0 0.104849 0.591086 0.007189 0.304002
0 0.536509 0.422548 0.005051 0.162451
0 0.758019 0.219609 0.005940 0.166155
0 0.353874 0.281856 0.006873 0.303706
0 0.147730 0.760893 0.006829 0.293900
0 0.054683 0.469933 0.006750 0.295996
0 0.046071 0.502332 0.007993 0.293240
0 0.263746 0.656890 0.006435 0.286230
0 0.618505 0.758061 0.006260 0.158920
0 0.025234 0.420529 0.006606 0.306388
0 0.054658 0.466805 0.004653 0.291556
0 0.046504 0.492888 0.005016 0.269174
