2 0.443337 0.442103 0.019079 0.024018
4 0.170304 0.162390 0.022548 0.021580
2 0.607398 0.736227 0.019704 0.023813
2 0.198766 0.484973 0.020642 0.023491
3 0.705489 0.936132 0.017003 0.021939
2 0.911151 0.668842 0.018301 0.022733
1 0.635929 0.370725 0.020303 0.020611
1 0.726924 0.604046 0.020296 0.021090
3 0.328774 0.588543 0.019313 0.022885
2 0.733343 0.869669 0.018095 0.023431
4 0.245417 0.113673 0.020190 0.020005
4 0.843322 0.113400 0.019509 0.020315
0 0.168765 0.285088 0.005684 0.199920
0 0.328207 0.461770 0.006673 0.195655
0 0.197557 0.358214 0.007458 0.193561
0 0.411226 0.235590 0.005019 0.200245
0 0.607046 0.614945 0.005373 0.183129
0 0.732719 0.744261 0.005623 0.173555
0 0.725270 0.719262 0.004911 0.184114
0 0.634878 0.486015 0.005390 0.191175
0 0.243971 0.236112 0.005866 0.201609
0 0.704778 0.819231 0.006183 0.189158
0 0.841937 0.231152 0.005509 0.188845
5 0.412223 0.122217 0.046933 0.050071
