2 0.760613 0.552751 0.016710 0.024767
4 0.383613 0.200035 0.021867 0.020704
4 0.822848 0.265478 0.021875 0.021627
2 0.841222 0.493972 0.019190 0.023854
1 0.768809 0.360804 0.020567 0.023270
4 0.575425 0.571176 0.022347 0.021624
4 0.913796 0.112995 0.020566 0.020520
2 0.201033 0.776056 0.020042 0.024682
2 0.593582 0.798699 0.019033 0.024355
2 0.392431 0.414173 0.019785 0.023225
4 0.719960 0.251676 0.023011 0.022769
4 0.185468 0.547836 0.021507 0.020833
3 0.092361 0.936203 0.018139 0.021622
4 0.443375 0.112200 0.020042 0.019489
0 0.839599 0.403216 0.006757 0.119827
0 0.199824 0.673603 0.007636 0.145273
0 0.777313 0.466780 0.007370 0.117807
0 0.527715 0.797352 0.006618 0.118546
0 0.382392 0.299203 0.006573 0.148214
0 0.573698 0.657076 0.005872 0.122235
0 0.760455 0.462694 0.007803 0.117444
0 0.184283 0.648151 0.006770 0.150919
3 0.778786 0.560054 0.016819 0.023104
0 0.767650 0.446395 0.006543 0.127084
0 0.092070 0.836031 0.007261 0.147676
0 0.391903 0.311134 0.006910 0.143337
0 0.821787 0.352406 0.006299 0.126598
1 0.011586 0.568569 0.018123 0.021884
0 0.592867 0.707373 0.007676 0.116075
2 0.529600 0.886087 0.016196 0.026115
0 0.766293 0.450410 0.007151 0.128477
