3 0.833697 0.676638 0.017940 0.021789
2 0.715666 0.557543 0.019358 0.023157
3 0.267120 0.937051 0.017378 0.022464
1 0.216245 0.528807 0.019726 0.021172
4 0.691957 0.221890 0.021747 0.020434
4 0.355566 0.416356 0.021685 0.020681
1 0.845810 0.395513 0.019508 0.021246
1 0.535929 0.493099 0.019353 0.022660
3 0.912246 0.935893 0.015895 0.021612
1 0.130535 0.338067 0.019043 0.020959
3 0.582133 0.935761 0.016399 0.020808
1 0.050915 0.114516 0.018949 0.019128
3 0.204468 0.818053 0.018257 0.022082
3 0.127459 0.601799 0.016293 0.021284
4 0.761586 0.114013 0.019712 0.020591
0 0.215118 0.657880 0.006594 0.212500
0 0.832639 0.559828 0.006878 0.176714
0 0.714135 0.439130 0.006652 0.177618
0 0.580949 0.818489 0.005402 0.177801
0 0.690403 0.337240 0.005327 0.182345
0 0.533940 0.608732 0.005234 0.180994
0 0.049829 0.242539 0.005094 0.215528
0 0.354039 0.547066 0.005865 0.215360
0 0.760160 0.228346 0.004997 0.184365
0 0.266135 0.803487 0.006380 0.210354
0 0.204325 0.685950 0.007696 0.208554
3 0.524043 0.784211 0.010054 0.019906
0 0.844812 0.510455 0.006531 0.182725
5 0.444542 0.930567 0.043680 0.056274
