3 0.913063 0.655114 0.017532 0.021812
4 0.776231 0.221816 0.022011 0.020188
4 0.412725 0.623937 0.021043 0.021083
2 0.443060 0.842151 0.018786 0.023882
1 0.108592 0.456799 0.019696 0.021279
4 0.549359 0.297534 0.020764 0.020174
3 0.324257 0.936989 0.017994 0.022679
1 0.619639 0.492375 0.019211 0.022859
3 0.046468 0.725305 0.017019 0.021882
1 0.273826 0.686489 0.020918 0.021948
3 0.665616 0.936150 0.016393 0.021654
3 0.184484 0.750610 0.016192 0.021522
3 0.262655 0.870959 0.016905 0.021214
1 0.187415 0.580313 0.019857 0.021291
2 0.798998 0.556855 0.018699 0.023659
3 0.604501 0.784454 0.016716 0.020973
4 0.845892 0.113582 0.019682 0.019977
0 0.323732 0.850075 0.006044 0.118423
0 0.261889 0.785818 0.006438 0.117429
0 0.045923 0.637656 0.006272 0.120220
0 0.604182 0.665895 0.006492 0.177345
0 0.618285 0.606077 0.005038 0.179921
0 0.411149 0.707653 0.004866 0.119705
0 0.774670 0.336222 0.005096 0.184637
0 0.272433 0.770261 0.005142 0.122832
0 0.798590 0.438193 0.005737 0.172775
0 0.665290 0.818850 0.006129 0.179542
0 0.548319 0.411546 0.004491 0.184995
0 0.107035 0.541514 0.004850 0.123261
