1 0.556891 0.210197 0.019276 0.023049
3 0.065984 0.621273 0.017703 0.022354
3 0.913143 0.936748 0.017344 0.022419
1 0.808657 0.520749 0.019800 0.021298
3 0.443006 0.935955 0.017265 0.021674
3 0.845013 0.810857 0.016415 0.020735
1 0.115437 0.251622 0.021014 0.021832
3 0.201094 0.722342 0.018253 0.021847
3 0.791549 0.744432 0.018165 0.022793
1 0.282353 0.262943 0.022214 0.022283
1 0.857691 0.602057 0.019815 0.021429
4 0.642361 0.114270 0.019257 0.020822
0 0.858279 0.682492 0.005957 0.117582
0 0.065470 0.496791 0.006760 0.193723
0 0.200024 0.598796 0.007369 0.191354
0 0.585843 0.373799 0.006094 0.120905
0 0.557341 0.292108 0.005847 0.119605
0 0.641754 0.200966 0.005125 0.130126
0 0.113540 0.371741 0.005977 0.198730
0 0.791016 0.655483 0.006999 0.121027
0 0.806820 0.606011 0.005802 0.128353
0 0.844657 0.721503 0.007281 0.123456
5 0.587693 0.461687 0.039281 0.050885
