2 0.627754 0.734930 0.015372 0.024092
2 0.708021 0.685987 0.018428 0.024093
1 0.635878 0.567654 0.020391 0.023221
2 0.912650 0.352535 0.018251 0.023062
4 0.291526 0.337041 0.022772 0.021018
4 0.587132 0.477214 0.021769 0.021769
4 0.689970 0.488724 0.022850 0.022320
2 0.299368 0.518284 0.020400 0.023810
2 0.108139 0.808363 0.019628 0.023485
4 0.878306 0.113878 0.022118 0.022152
4 0.093418 0.614269 0.021030 0.020673
4 0.443545 0.112897 0.020823 0.020694
0 0.644369 0.659393 0.006804 0.099578
3 0.645076 0.740510 0.015892 0.021879
0 0.706926 0.606233 0.006829 0.097543
0 0.627686 0.654505 0.006143 0.106893
0 0.299199 0.428549 0.007567 0.115502
0 0.107556 0.719672 0.007403 0.118003
0 0.634758 0.642767 0.006530 0.105015
0 0.877224 0.188367 0.006808 0.103415
0 0.289826 0.420769 0.006841 0.121363
0 0.585627 0.552861 0.005517 0.104513
0 0.091714 0.699377 0.006278 0.121797
0 0.688700 0.565345 0.006946 0.101941
