2 643.410522 542.221191 18.752563 14.971008
4 356.834595 145.484802 22.419586 12.918777
3 283.316040 572.203613 19.377228 14.503235
1 241.986832 222.221222 21.545105 13.341751
1 162.382233 107.833389 21.345444 12.852577
1 191.125351 139.762085 21.240173 12.299179
2 823.709839 488.898376 20.323059 14.961731
2 400.235596 502.243896 20.196075 14.152740
3 180.930176 394.374878 18.014496 13.274078
1 606.815918 266.407898 20.337830 13.781799
3 29.855160 540.476074 18.659111 13.465881
2 143.654999 388.044220 19.409836 13.607117
3 229.698120 483.309143 19.099960 14.178436
4 742.857788 69.695976 21.787842 13.293118
3 560.008423 571.597046 17.909668 13.135437
0 29.414299 422.500885 8.913979 200.305115
0 112.847160 185.281403 7.442535 205.525391
0 823.280396 408.836182 8.036133 124.609467
0 605.184448 344.943146 6.407776 127.106201
0 643.174377 460.406799 7.956055 123.052826
0 559.184814 491.380371 8.612793 124.754761
0 143.988861 267.915833 8.345993 203.293625
0 355.307068 257.913208 6.751678 201.483383
0 229.295334 365.133728 7.330292 201.401947
0 160.856049 221.805481 7.238449 204.212723
0 399.926514 384.053284 6.893768 198.937897
0 741.154907 147.407349 6.502380 127.344719
0 241.195496 335.843048 5.526382 204.127014
0 282.180969 452.396973 8.403656 198.870880
0 189.212936 254.482376 7.167603 206.699127
0 181.167862 281.731018 6.127625 206.037933
5 445.529114 152.477386 39.376251 27.972382
5 118.487289 78.892593 46.300316 25.557533
5 916.525024 74.195755 43.864258 33.338928
