3 0.204555 0.750900 0.015958 0.021532
1 0.640973 0.492298 0.019588 0.022515
4 0.796788 0.222121 0.022114 0.020853
2 0.440973 0.805545 0.018980 0.023707
1 0.128490 0.456826 0.019446 0.021196
1 0.208053 0.580470 0.019436 0.020594
4 0.432721 0.623796 0.021380 0.021160
2 0.820112 0.556955 0.019496 0.023708
3 0.625969 0.784230 0.015930 0.020499
4 0.570382 0.297555 0.020116 0.020015
2 0.910762 0.546714 0.018838 0.023336
3 0.065785 0.725453 0.016398 0.020811
1 0.293520 0.686756 0.020843 0.022492
3 0.343822 0.936791 0.017539 0.022359
4 0.866717 0.113470 0.020409 0.020460
3 0.686544 0.935961 0.016799 0.021894
3 0.282330 0.871019 0.016914 0.021125
0 0.065478 0.638679 0.005842 0.119696
0 0.292336 0.769444 0.005712 0.120860
0 0.569205 0.411913 0.005193 0.183759
0 0.819315 0.437826 0.006175 0.172537
0 0.639295 0.605559 0.005620 0.179677
0 0.126925 0.540440 0.005269 0.121195
0 0.795254 0.334500 0.005444 0.180040
0 0.686044 0.817855 0.006818 0.177062
0 0.865283 0.226131 0.005394 0.179871
0 0.430958 0.703056 0.005465 0.111610
3 0.525121 0.739547 0.012037 0.020106
0 0.342853 0.850357 0.007283 0.120253
