3 0.777827 0.715238 0.017288 0.022604
3 0.592976 0.559501 0.017592 0.023206
3 0.715101 0.690403 0.017384 0.022946
1 0.658994 0.445731 0.019621 0.021469
3 0.443021 0.936858 0.016585 0.022101
3 0.912866 0.936212 0.017013 0.021815
1 0.610256 0.390690 0.019353 0.021647
3 0.092506 0.514485 0.017739 0.021585
1 0.740541 0.501346 0.019490 0.022070
1 0.794876 0.546828 0.019506 0.022464
3 0.646694 0.604408 0.016978 0.021454
0 0.714250 0.619938 0.006183 0.087519
0 0.776959 0.644316 0.006246 0.087462
0 0.659934 0.509866 0.006434 0.085268
1 0.174834 0.123463 0.017746 0.020588
0 0.792861 0.612921 0.006177 0.090412
0 0.739327 0.568664 0.006716 0.088880
0 0.608971 0.457662 0.006080 0.089285
0 0.646314 0.535387 0.006583 0.086349
0 0.092034 0.407719 0.007029 0.160636
0 0.173888 0.226872 0.005740 0.167165
0 0.592592 0.489140 0.007234 0.085117
