3 0.304179 0.903280 0.016656 0.022104
3 0.442975 0.935954 0.016945 0.022204
3 0.614484 0.864112 0.018105 0.022577
4 0.766693 0.196281 0.021217 0.020656
1 0.366438 0.565510 0.020078 0.020914
3 0.882584 0.935951 0.017921 0.022269
2 0.735720 0.551456 0.018956 0.023211
1 0.913136 0.602776 0.020140 0.021207
1 0.710592 0.218317 0.020422 0.021482
1 0.035835 0.114321 0.018416 0.019170
0 0.765154 0.306769 0.005714 0.176835
0 0.613601 0.749271 0.006076 0.171075
0 0.735531 0.438695 0.005561 0.164111
0 0.034201 0.216677 0.005133 0.160214
0 0.882077 0.822603 0.006150 0.169357
0 0.364768 0.667650 0.004860 0.161753
0 0.303684 0.797917 0.005952 0.154808
0 0.709130 0.327542 0.005337 0.174573
