1 0.444244 0.182004 0.020398 0.022416
4 0.913188 0.236168 0.020124 0.020151
2 0.712813 0.668897 0.019607 0.023175
1 0.414937 0.150991 0.020897 0.021655
2 0.535298 0.870328 0.018477 0.023548
2 0.396546 0.442204 0.019577 0.023962
3 0.859368 0.680519 0.018531 0.023046
4 0.123941 0.162199 0.022087 0.021347
2 0.152784 0.485048 0.020407 0.023016
1 0.766508 0.180788 0.020543 0.021131
1 0.824849 0.281581 0.020509 0.021019
4 0.198840 0.113715 0.019429 0.019015
2 0.805482 0.602138 0.019703 0.022901
3 0.282017 0.588576 0.018900 0.022184
3 0.434578 0.447712 0.017623 0.021075
4 0.644987 0.113853 0.020133 0.019468
0 0.527017 0.721513 0.005466 0.189540
0 0.151857 0.358541 0.006606 0.193202
0 0.433332 0.322639 0.006556 0.196034
0 0.859039 0.558233 0.006251 0.180446
0 0.534334 0.744134 0.006167 0.174860
0 0.643585 0.231587 0.005146 0.189936
0 0.823165 0.397610 0.005044 0.187384
0 0.413631 0.270511 0.005056 0.193872
0 0.804791 0.480086 0.006492 0.175855
0 0.711614 0.547823 0.006925 0.179901
0 0.765179 0.297452 0.005534 0.187683
0 0.122394 0.285510 0.005096 0.199900
0 0.396007 0.316066 0.006242 0.195547
0 0.364815 0.235610 0.004799 0.199492
0 0.197408 0.236062 0.005828 0.202732
1 0.528713 0.604697 0.017672 0.020145
5 0.368108 0.124277 0.050080 0.051379
