3 0.572574 0.657539 0.017204 0.021013
4 0.285004 0.162439 0.021917 0.020972
1 0.589233 0.348321 0.019420 0.020804
2 0.789548 0.735422 0.019308 0.023546
3 0.443415 0.588148 0.017791 0.021481
1 0.817923 0.370317 0.020079 0.021183
1 0.909091 0.605215 0.019585 0.021127
3 0.092611 0.935786 0.017481 0.022049
2 0.312941 0.484567 0.020178 0.023589
3 0.623396 0.747262 0.017493 0.021865
4 0.359830 0.113360 0.021200 0.020455
3 0.887569 0.936208 0.017161 0.021672
4 0.708235 0.113689 0.020598 0.020367
0 0.816413 0.488161 0.005927 0.188622
0 0.886633 0.815495 0.006411 0.182024
0 0.706966 0.231922 0.005219 0.192424
0 0.788990 0.614380 0.006768 0.180666
0 0.358751 0.235051 0.005622 0.200833
0 0.623234 0.626157 0.006813 0.183058
0 0.092050 0.811697 0.006701 0.196516
0 0.283256 0.285914 0.005624 0.198702
0 0.571343 0.538062 0.006345 0.183617
0 0.587974 0.464617 0.005437 0.188238
4 0.529310 0.201575 0.015955 0.020025
1 0.011453 0.462993 0.017709 0.020315
