1 0.443797 0.119798 0.019761 0.020289
2 0.586545 0.492435 0.017918 0.023464
2 0.913148 0.581480 0.017812 0.023869
2 0.110293 0.826233 0.019596 0.023752
2 0.240550 0.633498 0.019788 0.023929
3 0.740323 0.759661 0.015792 0.022175
4 0.212679 0.322693 0.022770 0.021635
4 0.754853 0.379063 0.019681 0.019885
4 0.038283 0.398775 0.021882 0.021010
1 0.687217 0.247527 0.020510 0.020511
4 0.888306 0.127762 0.021814 0.020331
4 0.576859 0.143780 0.017911 0.018604
3 0.801023 0.936334 0.017413 0.021737
3 0.658236 0.714992 0.016492 0.021372
4 0.353359 0.113518 0.020831 0.020398
2 0.398932 0.471232 0.018691 0.023393
4 0.610354 0.113040 0.017833 0.018663
0 0.351687 0.231638 0.005452 0.190198
0 0.886209 0.271604 0.005683 0.244193
0 0.210814 0.441582 0.006200 0.191004
3 0.718042 0.744378 0.016698 0.022138
0 0.800319 0.785848 0.006304 0.240631
0 0.608927 0.263660 0.004943 0.247375
0 0.239805 0.539350 0.005950 0.125033
0 0.398465 0.349275 0.006000 0.183430
0 0.739985 0.608168 0.006906 0.228026
0 0.109357 0.704289 0.005598 0.185821
0 0.036783 0.518490 0.006136 0.195442
0 0.657849 0.564563 0.007179 0.244628
0 0.585674 0.343096 0.005551 0.234750
1 0.728552 0.396604 0.018496 0.020081
0 0.755440 0.517545 0.004958 0.226731
0 0.575849 0.286303 0.005185 0.242824
0 0.685744 0.392366 0.005845 0.248702
0 0.727688 0.537090 0.005544 0.239227
0 0.577167 0.286863 0.005306 0.248650
0 0.586553 0.340314 0.005484 0.248341
0 0.586431 0.336945 0.003945 0.231238
