2 0.913334 0.914602 0.018142 0.024145
3 0.198480 0.775952 0.019386 0.024111
1 0.728667 0.581518 0.018057 0.021668
3 0.743162 0.800650 0.015349 0.021847
1 0.816138 0.619516 0.020177 0.022973
3 0.590910 0.521716 0.017712 0.022107
3 0.442260 0.936314 0.016727 0.021891
3 0.136110 0.682151 0.017931 0.022019
1 0.062084 0.290151 0.019403 0.021119
1 0.148350 0.441947 0.021042 0.022691
1 0.603149 0.310070 0.019846 0.020907
1 0.685282 0.483784 0.020291 0.022597
4 0.286948 0.352876 0.021619 0.021260
3 0.058821 0.509678 0.015915 0.021881
3 0.801039 0.838688 0.017029 0.021878
1 0.890308 0.664828 0.020006 0.021719
4 0.766755 0.551561 0.020318 0.021897
3 0.670026 0.702558 0.017180 0.021937
3 0.859959 0.936110 0.016871 0.022032
0 0.683412 0.568052 0.006287 0.125557
0 0.590238 0.431387 0.006816 0.121322
0 0.799913 0.749657 0.006872 0.128746
0 0.765159 0.637763 0.006309 0.128859
0 0.197507 0.664516 0.006798 0.167013
0 0.669546 0.612209 0.006695 0.126006
0 0.858919 0.843524 0.006556 0.123319
0 0.135427 0.571580 0.007498 0.166102
0 0.285654 0.463066 0.006082 0.173502
0 0.720687 0.686926 0.006916 0.128545
0 0.602205 0.396708 0.005743 0.128613
0 0.742140 0.707184 0.008039 0.119759
0 0.814146 0.705863 0.006677 0.129421
0 0.888659 0.751320 0.006303 0.127814
0 0.146971 0.549391 0.005937 0.171546
0 0.728031 0.671047 0.006668 0.130244
3 0.721111 0.775664 0.015328 0.020818
