3 237.424866 572.211121 18.617722 14.156860
1 195.494186 256.330658 21.416992 13.136734
2 588.137573 549.816895 18.953308 15.205627
2 767.476990 509.647400 19.627075 14.831787
1 145.312988 183.509888 20.991974 12.675339
2 914.446655 209.500580 18.882751 14.972122
1 115.975098 154.702972 20.414085 13.119370
3 183.906769 493.148895 18.409164 14.047607
2 97.417450 408.118164 17.727898 13.436676
4 311.064972 187.980103 23.860291 13.589081
2 353.920593 509.706360 19.177979 14.082184
4 445.375977 69.094727 21.404083 12.798870
3 135.342529 413.651917 17.077026 13.825073
4 686.938171 188.285889 23.732910 13.627701
1 550.699829 335.825073 20.731201 13.498474
4 908.207764 69.529892 21.733093 13.123039
0 308.881775 292.000824 6.514526 181.839096
0 549.351929 397.686523 6.007874 96.899506
0 97.350082 302.530334 7.251083 180.564148
0 66.383148 222.325378 6.987747 188.059082
0 183.079926 384.522125 6.990402 179.638245
0 684.825500 250.430389 5.031128 96.309891
0 194.261139 359.542725 6.077576 181.314850
0 143.196716 286.139557 7.394547 184.857590
0 134.302673 306.726105 7.391983 182.454514
0 114.668900 257.720703 6.215271 181.590897
0 353.063812 403.503418 6.347046 179.696442
0 767.016602 445.304504 5.953674 91.178497
0 236.130371 464.955933 6.020782 178.821259
0 587.255493 484.611603 7.729553 93.817932
0 194.597992 356.177246 4.453217 172.824371
5 68.623047 123.077850 40.651192 29.691193
