3 0.430139 0.618903 0.018171 0.022719
3 0.684828 0.765706 0.019204 0.023046
1 0.736089 0.272089 0.020528 0.020171
3 0.553747 0.594770 0.017202 0.021529
1 0.871475 0.443874 0.020207 0.021859
1 0.388265 0.260575 0.020596 0.021142
2 0.908631 0.887672 0.017811 0.023306
1 0.308729 0.150815 0.019269 0.019542
3 0.376882 0.533884 0.017895 0.022602
1 0.441859 0.345490 0.020250 0.020193
2 0.290896 0.442503 0.019482 0.023569
1 0.337942 0.181084 0.019973 0.019544
3 0.176723 0.588467 0.019130 0.022234
2 0.046280 0.484816 0.019219 0.022108
3 0.824866 0.936103 0.018560 0.022538
4 0.018506 0.161822 0.020543 0.020111
3 0.328583 0.448259 0.016556 0.021694
4 0.093346 0.113148 0.018974 0.018818
4 0.607652 0.113341 0.019400 0.019093
0 0.387247 0.380802 0.005983 0.197730
0 0.328316 0.321180 0.006309 0.194267
0 0.683767 0.636162 0.006415 0.199724
0 0.017402 0.279892 0.005642 0.201666
0 0.823530 0.808068 0.006397 0.198632
0 0.175733 0.463454 0.005563 0.198482
0 0.429372 0.492755 0.006628 0.190758
0 0.336209 0.302615 0.005654 0.200722
0 0.869665 0.568162 0.005785 0.204413
0 0.307308 0.270841 0.005365 0.195245
0 0.606620 0.238922 0.004925 0.206549
0 0.046135 0.359279 0.007794 0.195865
0 0.553474 0.464219 0.005750 0.197881
0 0.735214 0.397562 0.005038 0.207479
0 0.259276 0.236400 0.004948 0.199141
0 0.290026 0.316500 0.006840 0.191891
0 0.091692 0.236270 0.005109 0.201854
0 0.376435 0.409804 0.006727 0.198458
5 0.262823 0.130258 0.043629 0.039703
