3 0.430103 0.618901 0.017910 0.022346
2 0.913194 0.887847 0.017607 0.023659
1 0.875780 0.443806 0.020584 0.022494
1 0.388309 0.260546 0.020630 0.021148
1 0.308680 0.150896 0.019470 0.019664
1 0.740813 0.272618 0.020376 0.020584
1 0.441810 0.345422 0.020089 0.020132
3 0.828969 0.936307 0.017556 0.022306
3 0.558325 0.594683 0.017182 0.021087
3 0.376890 0.533739 0.017839 0.022142
3 0.689264 0.766009 0.019077 0.023074
1 0.337995 0.181081 0.020051 0.019662
2 0.290881 0.442473 0.019723 0.023794
3 0.176639 0.588485 0.019607 0.022845
2 0.046328 0.484585 0.020023 0.022974
4 0.018442 0.161919 0.020763 0.020249
3 0.328570 0.448347 0.016906 0.022148
4 0.612539 0.114006 0.019401 0.018835
4 0.093128 0.113157 0.019276 0.019517
0 0.557653 0.464300 0.006427 0.196569
0 0.387249 0.381054 0.006131 0.197253
0 0.175761 0.463287 0.006383 0.198153
0 0.328267 0.321469 0.006628 0.194977
0 0.017409 0.279582 0.005696 0.201256
0 0.429419 0.493426 0.006791 0.192864
0 0.739366 0.396298 0.005235 0.205854
0 0.307293 0.271042 0.005486 0.194843
0 0.336230 0.302526 0.005776 0.200487
0 0.046134 0.358813 0.008090 0.195252
0 0.828310 0.808474 0.005298 0.199267
0 0.259265 0.236477 0.005051 0.199362
0 0.290002 0.316425 0.007095 0.191801
0 0.091675 0.236199 0.005194 0.201755
0 0.610979 0.238746 0.005953 0.208016
0 0.376412 0.409116 0.006926 0.197015
0 0.688590 0.636656 0.006779 0.204970
1 0.527044 0.162972 0.016265 0.019688
5 0.263037 0.130113 0.043431 0.039379
