2 0.574928 0.864734 0.018366 0.023507
4 0.557120 0.617950 0.022474 0.021435
1 0.883791 0.185908 0.021537 0.022800
1 0.443512 0.147394 0.022187 0.023646
4 0.227712 0.336825 0.023156 0.021538
2 0.235934 0.518549 0.020167 0.023593
2 0.421387 0.350377 0.019041 0.023904
2 0.044119 0.808272 0.019566 0.023685
2 0.824585 0.567369 0.020100 0.023994
4 0.745473 0.114361 0.021258 0.021668
2 0.912798 0.472010 0.019069 0.023013
4 0.379884 0.113657 0.021709 0.021817
4 0.029505 0.614209 0.022621 0.021346
0 0.043337 0.720898 0.006543 0.117355
0 0.823628 0.471621 0.006613 0.130054
0 0.378076 0.198144 0.005528 0.123638
0 0.573888 0.769263 0.006807 0.131116
0 0.226153 0.421142 0.006353 0.119860
0 0.027888 0.698775 0.006942 0.122282
0 0.881812 0.275498 0.005234 0.136965
0 0.744292 0.206129 0.005571 0.138361
0 0.555521 0.710859 0.005685 0.138345
0 0.420278 0.262188 0.006529 0.117452
0 0.235809 0.429786 0.006330 0.115996
