1 0.549516 0.211466 0.020194 0.022345
2 0.443251 0.807473 0.017947 0.023299
3 0.721484 0.936339 0.017298 0.022257
4 0.873703 0.360952 0.019968 0.020647
3 0.586368 0.547495 0.016519 0.021384
1 0.818201 0.379138 0.019724 0.021829
1 0.603468 0.291116 0.020609 0.021915
2 0.843031 0.670534 0.019095 0.024485
3 0.026303 0.514666 0.018039 0.021428
1 0.439026 0.590072 0.019933 0.021280
3 0.912437 0.706326 0.017150 0.021927
3 0.376799 0.936614 0.016353 0.022024
0 0.816449 0.477818 0.005911 0.150353
1 0.109160 0.123353 0.018243 0.020375
0 0.025306 0.406954 0.006656 0.158465
0 0.872277 0.459508 0.005671 0.150390
0 0.720874 0.835539 0.006047 0.147193
0 0.585844 0.446474 0.007055 0.145207
0 0.602096 0.388113 0.006430 0.149565
0 0.106950 0.229008 0.005373 0.165390
0 0.842432 0.569039 0.007188 0.144631
0 0.376459 0.830588 0.006432 0.161552
0 0.548240 0.309416 0.005033 0.154477
3 0.525088 0.503371 0.010677 0.022543
