3 0.633221 0.775042 0.019184 0.024449
3 0.044797 0.775251 0.019489 0.024036
2 0.873195 0.811955 0.018559 0.023572
1 0.589673 0.465894 0.020900 0.022498
2 0.572209 0.686925 0.019953 0.024781
1 0.913657 0.576131 0.020703 0.022816
3 0.721795 0.936606 0.018880 0.023565
1 0.851015 0.568988 0.021365 0.022298
2 0.819291 0.833844 0.019292 0.024166
4 0.117526 0.267343 0.023115 0.021807
2 0.161028 0.694636 0.020066 0.023568
1 0.652704 0.547260 0.022318 0.023524
1 0.443056 0.562462 0.021467 0.024191
1 0.787517 0.561713 0.021848 0.023013
3 0.414388 0.936315 0.018412 0.022567
4 0.252195 0.114365 0.020589 0.020268
0 0.043216 0.628539 0.007054 0.234452
0 0.160631 0.550072 0.006806 0.235190
0 0.632814 0.685773 0.006845 0.119430
0 0.893958 0.718590 0.006726 0.119427
0 0.650515 0.631507 0.005450 0.125847
0 0.819345 0.744415 0.005554 0.117918
0 0.720831 0.846641 0.006134 0.121820
0 0.785905 0.646186 0.004895 0.127046
0 0.848785 0.652980 0.005085 0.125517
0 0.872334 0.721704 0.006110 0.119146
0 0.115975 0.408998 0.006119 0.240007
0 0.587835 0.550844 0.005772 0.127021
0 0.413784 0.792519 0.007182 0.234555
0 0.884122 0.688795 0.005956 0.123681
0 0.571312 0.596935 0.005879 0.119566
0 0.414163 0.791421 0.005120 0.230247
