1 0.901998 0.551894 0.019105 0.020763
1 0.353678 0.120685 0.019804 0.019893
3 0.443189 0.663940 0.018222 0.022040
3 0.866052 0.936255 0.017730 0.021759
2 0.912582 0.829776 0.018027 0.022470
2 0.308622 0.521888 0.019204 0.023109
1 0.535585 0.199878 0.019651 0.020568
2 0.149732 0.711890 0.020147 0.023382
3 0.566522 0.574884 0.015764 0.021271
4 0.122079 0.357865 0.020841 0.020107
3 0.649653 0.711882 0.017811 0.022183
4 0.603621 0.295317 0.020432 0.021478
1 0.576887 0.305618 0.018871 0.020697
3 0.588364 0.584090 0.016371 0.021604
4 0.262670 0.114348 0.020215 0.019547
4 0.736293 0.113589 0.019965 0.020100
0 0.019331 0.797654 0.006292 0.212465
0 0.307877 0.384847 0.006145 0.215960
0 0.533994 0.311753 0.005449 0.183618
0 0.351629 0.253948 0.006233 0.220879
0 0.603865 0.405540 0.005679 0.165027
0 0.120755 0.492923 0.005718 0.221627
0 0.566648 0.458759 0.006410 0.176353
0 0.261592 0.246909 0.005633 0.222473
0 0.588188 0.465114 0.006453 0.171532
0 0.648455 0.595243 0.006904 0.174442
0 0.735441 0.226602 0.005676 0.183829
0 0.576184 0.422598 0.006190 0.182761
0 0.149475 0.608069 0.005329 0.142202
0 0.900885 0.660380 0.005141 0.176454
2 0.019431 0.936154 0.018244 0.021637
0 0.865596 0.820088 0.005202 0.175432
0 0.351621 0.254074 0.003941 0.221586
