1 0.582420 0.604320 0.020137 0.021041
4 0.132657 0.162174 0.022061 0.021023
2 0.405191 0.442368 0.018759 0.022988
1 0.423610 0.151068 0.020919 0.021304
2 0.589336 0.870104 0.018557 0.023032
2 0.161417 0.485116 0.020301 0.023511
1 0.820030 0.180802 0.020033 0.020886
2 0.765723 0.668965 0.019585 0.023294
1 0.878336 0.281808 0.020052 0.021172
3 0.912840 0.679919 0.017147 0.022290
4 0.698877 0.113614 0.019219 0.019592
4 0.207615 0.113633 0.019943 0.019517
2 0.859269 0.602065 0.019319 0.023376
3 0.291142 0.588976 0.019108 0.022377
3 0.443261 0.447402 0.017339 0.020789
0 0.422626 0.270720 0.005030 0.195966
0 0.160441 0.358609 0.006594 0.195893
0 0.580556 0.719142 0.005435 0.188652
0 0.206053 0.236732 0.005213 0.200630
3 0.560919 0.935227 0.016534 0.020611
0 0.859154 0.480398 0.006786 0.180853
0 0.765615 0.548254 0.006362 0.182220
0 0.819071 0.299197 0.005866 0.191403
0 0.588115 0.745850 0.005816 0.170629
0 0.697770 0.230970 0.005697 0.189250
0 0.289937 0.462453 0.006412 0.195397
0 0.560402 0.816072 0.006629 0.183298
0 0.876710 0.396799 0.005753 0.189722
0 0.131159 0.284781 0.005377 0.199984
0 0.405164 0.315240 0.007263 0.196718
0 0.373628 0.236107 0.006181 0.201437
5 0.375808 0.124013 0.046616 0.050617
