3 0.442761 0.936235 0.017225 0.022476
1 0.869004 0.558137 0.020334 0.021821
1 0.079580 0.419757 0.021054 0.021153
3 0.068600 0.807236 0.018366 0.022757
1 0.029405 0.300359 0.020298 0.020049
2 0.237906 0.834385 0.019877 0.023971
3 0.121714 0.936053 0.018221 0.022978
3 0.912936 0.936257 0.017271 0.022180
3 0.019335 0.676328 0.017146 0.021880
2 0.584505 0.834358 0.019692 0.024073
4 0.194912 0.307916 0.022679 0.021333
2 0.852390 0.825052 0.018825 0.025108
4 0.329734 0.113706 0.020127 0.019850
4 0.724516 0.114216 0.020299 0.021233
0 0.019110 0.497650 0.007166 0.294295
0 0.120880 0.760277 0.007011 0.292496
0 0.237222 0.657346 0.007153 0.295215
0 0.027922 0.472235 0.007077 0.306389
0 0.722843 0.216922 0.005819 0.160852
0 0.867635 0.661161 0.005519 0.158242
0 0.583479 0.729091 0.006015 0.152457
0 0.851597 0.718869 0.006428 0.146573
0 0.327724 0.284479 0.007705 0.299360
0 0.067861 0.630976 0.007058 0.292279
0 0.078444 0.592320 0.006588 0.306527
0 0.193212 0.476719 0.006494 0.293702
0 0.327490 0.285381 0.004661 0.299175
0 0.028052 0.490357 0.005536 0.267718
