3 0.167466 0.751674 0.017088 0.021917
1 0.769223 0.555726 0.021303 0.021663
3 0.621671 0.711605 0.016696 0.021683
1 0.694500 0.497862 0.020183 0.021767
3 0.105849 0.661919 0.017970 0.021969
4 0.645204 0.414229 0.020739 0.020517
1 0.564014 0.330485 0.020513 0.022145
1 0.117585 0.429084 0.021075 0.022387
4 0.255911 0.343119 0.020476 0.020904
1 0.443561 0.689267 0.021096 0.023357
3 0.599830 0.682140 0.016190 0.022167
1 0.607583 0.452414 0.018354 0.020615
3 0.738459 0.880345 0.016884 0.021154
3 0.679140 0.758110 0.016470 0.020972
3 0.027730 0.496836 0.016081 0.022143
4 0.913571 0.517103 0.020532 0.021360
3 0.859584 0.936046 0.016947 0.021905
3 0.802957 0.898924 0.017648 0.021738
1 0.827397 0.602116 0.020222 0.021015
3 0.425619 0.935977 0.016880 0.021708
3 0.548593 0.589096 0.016938 0.022405
1 0.031023 0.283328 0.019312 0.021241
0 0.620684 0.604390 0.007440 0.153217
0 0.166786 0.643915 0.006742 0.159970
0 0.424933 0.830519 0.006379 0.162964
0 0.643603 0.516392 0.005873 0.158847
0 0.737303 0.773907 0.006531 0.153739
0 0.104954 0.555707 0.007617 0.159512
0 0.858940 0.829762 0.006331 0.154342
0 0.606908 0.562955 0.006874 0.143180
0 0.679176 0.651873 0.006932 0.154255
0 0.254588 0.449527 0.005771 0.165475
0 0.692740 0.598705 0.005400 0.157806
0 0.548226 0.482173 0.007960 0.151731
0 0.116128 0.533063 0.006015 0.164106
0 0.802752 0.792561 0.006220 0.150495
0 0.826016 0.703126 0.005038 0.159643
0 0.767275 0.656526 0.006463 0.159693
0 0.599611 0.578120 0.007056 0.157957
0 0.606092 0.554498 0.005861 0.163221
