1 0.913372 0.610216 0.019166 0.021499
1 0.549756 0.261186 0.019467 0.022322
3 0.363960 0.936388 0.017436 0.022327
2 0.441314 0.846072 0.018918 0.023172
1 0.417643 0.498113 0.020368 0.021272
1 0.820480 0.498479 0.020418 0.021192
3 0.719283 0.936389 0.017349 0.022925
3 0.532573 0.475197 0.016899 0.021617
2 0.880798 0.845833 0.019708 0.024415
4 0.190140 0.113800 0.020195 0.020003
3 0.052792 0.817901 0.018308 0.021682
0 0.363422 0.796428 0.007087 0.221288
0 0.052146 0.677714 0.006664 0.224006
0 0.818851 0.581527 0.004844 0.122466
0 0.882278 0.761518 0.006428 0.108948
0 0.415673 0.633427 0.005870 0.227963
0 0.548338 0.344747 0.005068 0.124173
0 0.532267 0.386181 0.007158 0.113812
0 0.188455 0.249343 0.006952 0.228529
