3 0.737907 0.597590 0.017545 0.022653
3 0.176133 0.752801 0.017873 0.022264
1 0.875734 0.681964 0.019199 0.021959
3 0.443016 0.935893 0.017118 0.022563
3 0.098187 0.557293 0.016122 0.021845
3 0.238296 0.860065 0.019001 0.022654
1 0.832051 0.563091 0.019862 0.021796
1 0.101555 0.314622 0.019715 0.021556
4 0.913473 0.645157 0.019911 0.021343
1 0.750489 0.352160 0.020023 0.022289
4 0.596497 0.204987 0.021719 0.020906
2 0.619242 0.497133 0.019912 0.023733
4 0.326655 0.385817 0.021008 0.020928
3 0.817348 0.817234 0.017774 0.021473
3 0.889883 0.936230 0.015985 0.021800
3 0.868723 0.907666 0.015704 0.021727
4 0.665869 0.113765 0.019372 0.019957
1 0.187630 0.487349 0.020710 0.022350
0 0.816634 0.713450 0.007075 0.147607
0 0.237204 0.736227 0.006656 0.188517
0 0.867780 0.807302 0.007004 0.151433
0 0.737256 0.494423 0.007265 0.147665
0 0.175722 0.630785 0.007441 0.190151
0 0.830469 0.663002 0.005717 0.153435
1 0.021924 0.115414 0.020466 0.018763
0 0.325076 0.505976 0.005547 0.192594
0 0.665152 0.214770 0.004864 0.157304
0 0.889188 0.827617 0.007720 0.145001
0 0.618418 0.391061 0.006116 0.148209
0 0.021233 0.233702 0.005026 0.193772
0 0.748544 0.453087 0.006552 0.153642
0 0.186498 0.609197 0.007829 0.194435
