3 267.875366 573.156006 17.661316 13.409363
4 679.789062 135.803101 21.851746 12.636475
1 216.894043 323.634888 19.733505 13.280457
1 915.935120 394.768982 19.708374 13.198456
4 356.499084 254.668579 21.520325 12.795212
3 900.608643 572.331543 16.518372 12.866028
2 702.541748 340.940247 19.553406 14.542114
3 127.427811 367.940979 16.286705 13.248810
3 568.671021 572.170105 16.160767 12.278320
1 130.724838 206.716766 19.475822 13.145447
3 821.283569 413.784790 17.775818 13.426605
1 833.836548 242.240356 19.941345 13.154999
3 205.263260 500.358582 18.348602 13.566254
1 51.046257 70.050522 18.812790 11.793839
4 750.003723 69.696808 19.767334 12.502102
0 215.473495 402.211670 6.497437 130.804901
0 50.005791 148.058105 5.137562 131.134155
0 355.088623 334.502014 5.946991 129.917084
0 832.335083 311.411560 5.316284 110.250458
0 205.017502 419.885559 7.291199 128.045898
0 900.422302 500.664307 6.654297 108.316254
0 820.961548 342.133667 7.855042 109.551422
0 678.177673 205.539871 5.232788 111.512054
0 568.072266 501.500092 5.587830 108.532898
0 267.173584 492.269623 6.010895 128.970886
0 701.679932 268.082489 6.393921 106.337036
0 748.186890 139.389511 5.270935 111.345314
5 444.597443 571.535645 42.535767 31.332092
