1 0.559356 0.211143 0.019900 0.022759
3 0.794022 0.750012 0.017465 0.022895
1 0.860191 0.607293 0.020112 0.022094
3 0.068700 0.624458 0.017923 0.022448
3 0.847387 0.817062 0.016943 0.020898
3 0.442952 0.936063 0.017429 0.021826
3 0.913032 0.936163 0.016993 0.022233
1 0.117930 0.252409 0.020690 0.021544
1 0.284996 0.264875 0.021707 0.021512
1 0.810747 0.524850 0.019777 0.021587
3 0.202646 0.726808 0.018265 0.022444
4 0.644489 0.114497 0.019232 0.020554
0 0.793310 0.660359 0.006377 0.123528
0 0.846917 0.725961 0.006250 0.122207
0 0.588238 0.375834 0.006203 0.123571
0 0.643854 0.201797 0.005252 0.130618
0 0.809361 0.610368 0.005519 0.128664
0 0.527910 0.375024 0.006320 0.120407
0 0.067966 0.500896 0.006635 0.193344
0 0.116119 0.373729 0.006109 0.200500
0 0.283290 0.385709 0.006167 0.199031
0 0.560074 0.294266 0.005678 0.119820
0 0.202439 0.601835 0.007353 0.193188
2 0.529935 0.466206 0.016503 0.025036
0 0.861283 0.690122 0.006062 0.120723
5 0.589925 0.465497 0.039009 0.051183
