1 0.353686 0.120713 0.019797 0.019927
1 0.582463 0.209646 0.020245 0.021603
4 0.650042 0.303155 0.021105 0.021394
3 0.443216 0.663959 0.017925 0.021738
2 0.308592 0.521682 0.019651 0.023673
2 0.149949 0.711906 0.019966 0.023626
3 0.613560 0.578838 0.016415 0.021729
4 0.122147 0.357857 0.020878 0.020189
3 0.913041 0.935911 0.017284 0.022114
3 0.553724 0.556979 0.016814 0.021843
3 0.696805 0.715558 0.019898 0.023867
4 0.262633 0.114352 0.020210 0.019573
4 0.782858 0.123795 0.022445 0.022024
3 0.635198 0.589501 0.016674 0.022252
1 0.624166 0.313729 0.018787 0.021424
0 0.019350 0.797678 0.006189 0.212860
0 0.307863 0.385151 0.006168 0.216660
0 0.650560 0.411276 0.005908 0.162452
0 0.351609 0.253934 0.006129 0.220801
0 0.120779 0.492723 0.005656 0.220895
0 0.580585 0.319712 0.005353 0.181009
0 0.261594 0.246797 0.005560 0.222278
0 0.614071 0.466066 0.006396 0.173957
0 0.623229 0.428020 0.006514 0.181503
0 0.634955 0.472519 0.006898 0.167142
0 0.695241 0.599089 0.006846 0.170028
0 0.149473 0.608247 0.005324 0.142145
2 0.019381 0.936085 0.018127 0.021545
0 0.553183 0.441153 0.006263 0.169469
0 0.613196 0.455673 0.005993 0.154606
0 0.351621 0.253673 0.003927 0.220848
