3 0.237467 0.750716 0.016508 0.021757
3 0.377261 0.936880 0.017378 0.021933
1 0.754956 0.429073 0.020551 0.021964
1 0.161973 0.456519 0.019390 0.021458
3 0.740347 0.760027 0.016958 0.021261
3 0.801048 0.936254 0.016980 0.022006
4 0.684501 0.202071 0.020842 0.020313
4 0.444051 0.659954 0.021047 0.020678
1 0.594293 0.214787 0.020586 0.020464
1 0.240766 0.580559 0.019038 0.020549
4 0.911208 0.113016 0.020563 0.020804
3 0.638363 0.709450 0.017729 0.021578
3 0.553347 0.633921 0.017582 0.021663
1 0.326957 0.686757 0.021496 0.022504
3 0.099403 0.725646 0.016880 0.020486
3 0.315065 0.870813 0.016620 0.020884
0 0.753517 0.557668 0.005919 0.213154
0 0.637172 0.576577 0.006444 0.207486
0 0.683283 0.330375 0.005830 0.211969
0 0.160149 0.541113 0.004757 0.121008
0 0.800233 0.803610 0.006424 0.207119
0 0.739548 0.628714 0.007160 0.203451
0 0.098427 0.638159 0.005392 0.120516
0 0.325046 0.768768 0.005132 0.119733
0 0.314691 0.784130 0.005801 0.120881
0 0.553398 0.501337 0.006045 0.206210
0 0.376547 0.850427 0.005930 0.121067
