2 0.562990 0.492614 0.017420 0.022174
2 0.913663 0.729765 0.018156 0.022481
4 0.199281 0.322818 0.021480 0.020993
1 0.430653 0.119803 0.021235 0.020884
2 0.443373 0.388914 0.018182 0.023484
3 0.716533 0.759488 0.015900 0.022540
2 0.096670 0.825842 0.019300 0.023955
2 0.385473 0.471258 0.019466 0.023410
4 0.731582 0.378981 0.019359 0.019460
2 0.227201 0.633901 0.020176 0.022853
1 0.664176 0.247278 0.020071 0.020171
4 0.864909 0.127552 0.022167 0.020323
4 0.339919 0.114130 0.020687 0.019697
4 0.024727 0.398664 0.022498 0.021195
3 0.778254 0.936239 0.017727 0.021741
3 0.635108 0.714994 0.016717 0.021521
4 0.553567 0.144132 0.017922 0.018892
4 0.586795 0.113327 0.018638 0.018229
0 0.226622 0.540160 0.005661 0.122678
0 0.776996 0.785305 0.006479 0.239824
0 0.096249 0.704755 0.006294 0.186179
0 0.863427 0.273659 0.006238 0.247778
0 0.023602 0.516873 0.006523 0.190082
3 0.694683 0.744438 0.016467 0.022082
1 0.705558 0.396415 0.018828 0.020253
0 0.585562 0.258959 0.004679 0.245632
0 0.695406 0.598261 0.005321 0.240086
0 0.385013 0.349964 0.005770 0.184478
0 0.428972 0.233346 0.004960 0.182210
0 0.662664 0.391917 0.005124 0.248627
0 0.338460 0.230617 0.005230 0.190392
0 0.634833 0.565648 0.005949 0.244536
0 0.705081 0.526033 0.005767 0.225158
0 0.197384 0.441864 0.005860 0.188060
0 0.716412 0.609158 0.006139 0.224842
0 0.732259 0.515876 0.005155 0.224802
0 0.716591 0.557882 0.005824 0.235057
0 0.716346 0.571285 0.005646 0.177089
0 0.553548 0.286359 0.003935 0.245946
0 0.552448 0.287928 0.004969 0.244866
0 0.716596 0.567860 0.005642 0.333564
