4 0.137030 0.380035 0.021244 0.020712
1 0.443686 0.254599 0.019229 0.021675
2 0.763728 0.503267 0.019109 0.025633
2 0.675027 0.609569 0.020101 0.023751
2 0.330635 0.387265 0.020474 0.023774
1 0.913500 0.397039 0.020165 0.021897
2 0.145589 0.589429 0.020357 0.023281
3 0.857292 0.804429 0.018954 0.022536
1 0.353511 0.153709 0.021672 0.022011
3 0.422864 0.483969 0.018869 0.022030
4 0.596534 0.113877 0.020249 0.019696
1 0.734257 0.192719 0.021167 0.021837
1 0.771306 0.282091 0.020298 0.022251
4 0.289539 0.114110 0.020949 0.021669
0 0.674431 0.505814 0.006005 0.145160
0 0.144682 0.489165 0.007197 0.138664
0 0.856213 0.702120 0.006074 0.144999
0 0.351577 0.248721 0.005917 0.147081
0 0.135425 0.478812 0.006542 0.147641
0 0.422653 0.384634 0.006145 0.143704
0 0.329889 0.287962 0.007056 0.141693
0 0.769966 0.379838 0.005656 0.148617
0 0.762911 0.401455 0.005771 0.144352
0 0.287845 0.210375 0.005210 0.145736
0 0.732437 0.291489 0.005051 0.152326
