3 124.031036 450.067200 17.938942 13.862488
3 898.613159 572.524048 17.720947 13.944702
1 915.450195 401.847961 19.923645 12.952087
3 443.927368 572.251282 17.549408 13.657471
1 600.143738 129.891785 19.694336 12.554855
3 258.994080 527.228699 18.120178 13.560059
1 173.011108 175.032867 20.112228 12.706345
1 663.033142 147.878906 19.327759 13.219391
1 340.676758 183.983276 22.174408 13.524643
1 24.909924 70.307533 19.317795 11.348007
2 632.410278 343.456726 19.552002 14.579529
4 750.024780 69.800507 20.176636 12.839401
0 339.314575 271.881500 6.931793 149.557114
0 664.318298 209.864929 5.550781 95.975571
0 23.743036 157.651855 4.096024 149.221741
0 692.461792 276.800720 5.747986 100.630051
0 598.757874 195.693176 5.060791 102.786301
0 898.112366 506.618256 6.363159 98.421814
0 123.220093 360.742859 6.493431 145.404205
0 631.624512 275.551819 5.782166 95.991852
0 171.527771 261.698303 6.294846 148.275543
0 257.733185 437.379333 7.154175 146.321655
0 748.151733 135.013412 5.260254 102.727112
5 693.929443 342.858521 38.457458 32.303711
