1 0.914042 0.569368 0.020760 0.022595
3 0.044824 0.775223 0.019740 0.024388
3 0.696119 0.775151 0.018972 0.024242
2 0.635302 0.686698 0.020111 0.024845
1 0.652407 0.465872 0.020407 0.022186
1 0.715782 0.547300 0.021935 0.023541
4 0.117524 0.267349 0.023090 0.021827
1 0.850292 0.561603 0.021565 0.022623
2 0.882259 0.833978 0.019086 0.023852
2 0.161097 0.694598 0.020300 0.023660
3 0.414375 0.936302 0.018301 0.022434
1 0.443057 0.561541 0.019908 0.021868
3 0.784939 0.936386 0.019250 0.023248
4 0.252195 0.114365 0.020590 0.020269
0 0.043218 0.628496 0.007006 0.234633
0 0.882120 0.745143 0.005515 0.118598
0 0.695511 0.686094 0.006533 0.118620
0 0.783587 0.847663 0.005407 0.122132
0 0.713435 0.631610 0.005102 0.126446
0 0.160625 0.550318 0.006693 0.235337
0 0.650499 0.550881 0.005665 0.127891
0 0.635094 0.597200 0.006636 0.119559
0 0.115966 0.408905 0.005995 0.239845
0 0.848792 0.645606 0.004619 0.126322
0 0.413742 0.792865 0.006565 0.234185
