1 0.724601 0.580861 0.019902 0.021814
1 0.652728 0.392431 0.020195 0.021648
3 0.609629 0.707204 0.018524 0.022075
3 0.761408 0.896203 0.018071 0.023099
1 0.379462 0.638705 0.020593 0.022413
1 0.300393 0.498495 0.020005 0.020925
1 0.880815 0.638042 0.019580 0.022048
3 0.376348 0.821843 0.016123 0.021305
3 0.443010 0.936037 0.016478 0.021992
3 0.840358 0.928144 0.016491 0.020998
3 0.714505 0.797331 0.017370 0.021654
3 0.237998 0.794418 0.017692 0.022633
3 0.912352 0.935932 0.015325 0.020837
1 0.796769 0.589133 0.020566 0.021313
0 0.760576 0.798302 0.007177 0.135950
0 0.840043 0.832025 0.006954 0.135462
0 0.722560 0.672216 0.006373 0.137302
0 0.237132 0.699393 0.006035 0.132582
0 0.713749 0.702225 0.007430 0.133056
0 0.609280 0.610998 0.006706 0.136552
0 0.879107 0.729927 0.005438 0.138674
0 0.650650 0.483842 0.005671 0.141443
0 0.794972 0.680604 0.006038 0.138152
0 0.298621 0.589063 0.005423 0.135459
