2 0.724142 0.735644 0.018526 0.022937
4 0.071053 0.267163 0.022841 0.021640
2 0.908583 0.416336 0.018854 0.024158
2 0.114493 0.694718 0.019551 0.023092
2 0.807798 0.569066 0.019372 0.023745
1 0.701375 0.374312 0.020377 0.020965
1 0.901827 0.138295 0.021193 0.021362
4 0.792107 0.242826 0.021631 0.020417
2 0.878037 0.498854 0.019223 0.022737
1 0.638427 0.362775 0.020692 0.020939
2 0.670185 0.770666 0.018561 0.023147
3 0.368444 0.936596 0.017660 0.022117
1 0.443555 0.408334 0.021068 0.022584
4 0.205544 0.113483 0.019823 0.019535
4 0.850319 0.113101 0.020490 0.020090
3 0.572760 0.935609 0.017939 0.022273
0 0.807333 0.440111 0.006681 0.187379
0 0.744543 0.599762 0.006103 0.190081
0 0.636905 0.484272 0.005822 0.198257
0 0.114109 0.550074 0.006108 0.234047
0 0.722935 0.609564 0.006364 0.189629
0 0.069452 0.408136 0.005579 0.237683
0 0.848857 0.235726 0.005385 0.196842
0 0.699818 0.494633 0.005290 0.197246
0 0.735254 0.557475 0.005530 0.205492
0 0.877051 0.372523 0.006732 0.195568
0 0.571542 0.811486 0.005415 0.193318
0 0.205075 0.254988 0.005821 0.240000
0 0.790777 0.364919 0.006702 0.202450
0 0.367467 0.792485 0.006800 0.234570
0 0.901063 0.259451 0.006360 0.200109
0 0.669985 0.643900 0.005819 0.191044
