3 0.794016 0.903728 0.016400 0.022974
1 0.913663 0.644227 0.020865 0.022258
1 0.684951 0.394856 0.019658 0.021520
3 0.642311 0.713770 0.018906 0.022543
3 0.747421 0.803807 0.017409 0.021691
1 0.756820 0.585444 0.020602 0.022389
3 0.240583 0.797392 0.016843 0.020953
3 0.442850 0.935972 0.016603 0.021277
1 0.381641 0.641494 0.020026 0.021456
1 0.829538 0.593824 0.020466 0.021558
1 0.302751 0.500469 0.019450 0.021299
3 0.872925 0.936267 0.017095 0.021374
3 0.378430 0.824568 0.016715 0.021821
0 0.793224 0.806539 0.006629 0.136941
0 0.683312 0.487124 0.005172 0.140325
0 0.746486 0.708509 0.006686 0.133291
0 0.828204 0.687646 0.005883 0.142346
0 0.301106 0.591170 0.005083 0.136453
0 0.872492 0.838287 0.006206 0.137232
0 0.641699 0.617520 0.005739 0.136661
0 0.239758 0.702358 0.005470 0.133316
0 0.755493 0.676079 0.006636 0.138654
