3 0.249200 0.797499 0.017827 0.021954
1 0.908913 0.278841 0.019924 0.021859
1 0.846116 0.245802 0.020043 0.020911
1 0.150856 0.122066 0.017860 0.020266
2 0.878273 0.628339 0.019825 0.023528
2 0.105744 0.592775 0.018882 0.021770
1 0.298441 0.310866 0.020564 0.020088
1 0.443474 0.409092 0.019690 0.020188
3 0.737921 0.936205 0.016928 0.021982
4 0.612214 0.113658 0.017838 0.019130
3 0.383773 0.936039 0.017342 0.022319
4 0.060032 0.113276 0.019838 0.018513
0 0.877137 0.507891 0.006103 0.176118
0 0.105372 0.435564 0.006017 0.258506
0 0.737457 0.817083 0.005988 0.180761
0 0.058783 0.267143 0.004841 0.266332
0 0.296840 0.463015 0.005934 0.263321
0 0.382620 0.778182 0.006187 0.258621
3 0.526959 0.748707 0.014010 0.020811
0 0.149663 0.276185 0.005304 0.266848
0 0.296472 0.464040 0.004172 0.263012
0 0.611011 0.230304 0.005869 0.187647
0 0.248769 0.643443 0.006419 0.254857
0 0.383108 0.775926 0.004164 0.251654
