1 0.258781 0.481049 0.020562 0.021085
3 0.709589 0.825090 0.017025 0.021479
1 0.911391 0.637601 0.019600 0.021977
3 0.794474 0.891667 0.017716 0.022003
1 0.423258 0.727528 0.020069 0.022242
3 0.583857 0.646421 0.016822 0.021102
3 0.196195 0.764879 0.016518 0.021576
3 0.631533 0.780999 0.017674 0.022210
1 0.593880 0.370396 0.019878 0.020922
1 0.666127 0.381423 0.019400 0.019940
3 0.334465 0.791548 0.016565 0.021014
3 0.896926 0.936014 0.016702 0.021184
1 0.337879 0.613783 0.019883 0.021372
1 0.750476 0.448588 0.020564 0.020456
3 0.443271 0.935950 0.015507 0.021540
3 0.412130 0.921619 0.015610 0.020829
0 0.422440 0.815511 0.004877 0.135792
4 0.841062 0.436464 0.020239 0.021459
0 0.793169 0.771870 0.006107 0.182918
0 0.839694 0.553472 0.005199 0.187843
0 0.895882 0.817293 0.006983 0.179597
0 0.257351 0.568534 0.004988 0.131898
0 0.630070 0.660744 0.005989 0.185556
0 0.411335 0.831125 0.005581 0.125133
0 0.665236 0.497988 0.005479 0.190194
0 0.583515 0.529263 0.006422 0.180212
0 0.195635 0.674690 0.006015 0.127357
0 0.709652 0.704721 0.006494 0.180805
0 0.592412 0.485599 0.007014 0.181629
0 0.412461 0.831060 0.005436 0.124542
