2 0.385645 0.752249 0.019583 0.024825
1 0.895674 0.559537 0.020599 0.023360
1 0.628935 0.276248 0.021217 0.023043
2 0.443519 0.690644 0.019099 0.022981
2 0.614363 0.551358 0.019604 0.023257
1 0.423666 0.330017 0.020590 0.021588
2 0.874966 0.855915 0.019247 0.024130
3 0.134766 0.936390 0.017266 0.022002
1 0.816364 0.397661 0.021303 0.023167
3 0.740668 0.936250 0.017639 0.021675
4 0.286829 0.113737 0.021025 0.021249
0 0.627231 0.384028 0.006202 0.169149
4 0.563894 0.113214 0.019668 0.019768
0 0.613608 0.438900 0.008117 0.163153
0 0.285731 0.262546 0.007229 0.253460
0 0.385147 0.600955 0.007102 0.245613
0 0.892744 0.667065 0.006172 0.167821
0 0.739686 0.825445 0.007540 0.167619
0 0.422284 0.475215 0.005894 0.250779
0 0.813881 0.507858 0.006877 0.172814
0 0.133823 0.786678 0.006910 0.245492
5 0.914837 0.852118 0.035289 0.055420
