4 0.866721 0.310774 0.019008 0.019603
2 0.154545 0.825629 0.019689 0.024472
2 0.698903 0.409282 0.018885 0.023297
2 0.443023 0.470801 0.017568 0.023053
2 0.284749 0.633521 0.020344 0.024211
4 0.256452 0.323107 0.022457 0.021635
1 0.798911 0.213699 0.020692 0.021274
3 0.851574 0.608059 0.016301 0.021118
4 0.722573 0.113243 0.018651 0.019391
2 0.635914 0.617548 0.018485 0.023500
4 0.082424 0.398874 0.021304 0.021040
4 0.628995 0.355314 0.020777 0.020957
4 0.397045 0.113429 0.021385 0.021083
3 0.770643 0.573830 0.017755 0.021145
3 0.830325 0.597263 0.015073 0.021469
3 0.912804 0.738916 0.017164 0.021349
4 0.689386 0.135997 0.019259 0.020212
1 0.840104 0.321935 0.018001 0.019889
0 0.697854 0.286362 0.005888 0.170811
0 0.283862 0.540346 0.005536 0.123510
0 0.830608 0.482082 0.006111 0.188265
0 0.627179 0.475532 0.005852 0.180769
3 0.549754 0.934745 0.016270 0.021229
0 0.839616 0.440979 0.005252 0.187970
0 0.550790 0.820637 0.006286 0.164831
0 0.770034 0.455279 0.006233 0.179754
0 0.153437 0.704456 0.006536 0.185772
0 0.254604 0.441528 0.005128 0.190543
0 0.080530 0.517837 0.005649 0.192893
1 0.531311 0.641001 0.019142 0.021890
0 0.867650 0.422964 0.005536 0.174290
0 0.851710 0.485198 0.007524 0.173577
0 0.395886 0.231618 0.004847 0.190337
0 0.797972 0.327236 0.004915 0.186894
0 0.634865 0.493324 0.006213 0.168645
0 0.720661 0.229831 0.005845 0.185503
0 0.285076 0.539399 0.004753 0.131207
