1 0.685117 0.237570 0.020468 0.022640
2 0.661040 0.449721 0.019483 0.023491
1 0.797351 0.237255 0.021165 0.022586
4 0.629003 0.212512 0.022594 0.021936
3 0.779849 0.431636 0.017401 0.022791
1 0.095467 0.464662 0.020180 0.021030
3 0.178632 0.936307 0.017819 0.021850
4 0.443656 0.124995 0.020377 0.020181
3 0.831192 0.481312 0.017396 0.022011
4 0.913556 0.113069 0.020264 0.020268
4 0.370943 0.167424 0.021844 0.021455
2 0.691987 0.408463 0.018616 0.023670
2 0.399081 0.488142 0.020462 0.023248
4 0.734118 0.156790 0.022095 0.022157
3 0.063991 0.791745 0.018362 0.021440
0 0.660321 0.370169 0.006042 0.102618
0 0.830530 0.400103 0.005820 0.106738
0 0.683416 0.311830 0.005892 0.105940
0 0.627352 0.289270 0.005653 0.106777
0 0.794840 0.313912 0.005949 0.107076
0 0.369225 0.289802 0.006281 0.199921
0 0.779446 0.352096 0.006767 0.101457
0 0.693446 0.330365 0.007026 0.096847
0 0.732298 0.232695 0.006340 0.106906
0 0.398460 0.361615 0.008172 0.189835
0 0.178171 0.811765 0.006612 0.193235
0 0.063532 0.667970 0.007029 0.195548
