1 0.153018 0.272242 0.020803 0.020664
1 0.875515 0.599864 0.018822 0.021132
3 0.103855 0.689870 0.018034 0.022217
1 0.320333 0.285791 0.022012 0.021721
2 0.593451 0.520237 0.019243 0.023610
1 0.624314 0.228870 0.020054 0.022064
3 0.443262 0.936407 0.016776 0.021419
1 0.561373 0.202412 0.020046 0.020363
3 0.237875 0.806142 0.017912 0.021638
3 0.859288 0.857176 0.017708 0.022283
3 0.912988 0.935716 0.015991 0.021684
4 0.710497 0.114049 0.018734 0.019834
0 0.237201 0.667707 0.006876 0.219180
0 0.859413 0.756438 0.006704 0.151836
0 0.151266 0.405118 0.006322 0.225694
0 0.653527 0.418174 0.006305 0.145798
0 0.559991 0.300923 0.005022 0.152790
0 0.318694 0.419643 0.006612 0.224845
0 0.103161 0.553383 0.007047 0.220363
0 0.708944 0.211585 0.005143 0.151433
0 0.593020 0.417445 0.007482 0.142328
5 0.655605 0.519201 0.038260 0.051870
