1 0.364586 0.565474 0.019907 0.020739
3 0.586442 0.864131 0.016928 0.022066
3 0.302247 0.903722 0.017233 0.021820
3 0.440688 0.936017 0.017274 0.022688
2 0.707954 0.551479 0.019209 0.023402
2 0.912898 0.843516 0.018265 0.023174
3 0.854819 0.936255 0.018013 0.022139
1 0.897130 0.550540 0.019626 0.020841
4 0.738586 0.196322 0.020984 0.020341
1 0.034028 0.114175 0.017930 0.018227
1 0.682437 0.218136 0.020146 0.021640
1 0.443144 0.730588 0.020014 0.021054
0 0.301289 0.798208 0.006552 0.154335
0 0.707276 0.437103 0.006927 0.167740
0 0.854307 0.822686 0.006270 0.172293
0 0.363084 0.669312 0.005542 0.157360
0 0.737001 0.308850 0.005925 0.176148
0 0.585697 0.749023 0.006987 0.169431
0 0.895664 0.657678 0.004817 0.168922
0 0.681265 0.329414 0.005753 0.174422
