2 0.192314 0.752419 0.019519 0.023838
1 0.565940 0.387685 0.020091 0.021942
2 0.808719 0.479942 0.019380 0.024377
4 0.406290 0.298102 0.021087 0.020175
1 0.229634 0.329859 0.021409 0.021680
3 0.312880 0.913606 0.017702 0.021365
4 0.913446 0.112807 0.018975 0.019644
1 0.822839 0.225740 0.022361 0.023198
4 0.780691 0.143895 0.021230 0.020798
2 0.421317 0.643933 0.019329 0.023308
3 0.855113 0.582878 0.018273 0.022812
4 0.444082 0.274641 0.020506 0.021038
3 0.642030 0.935234 0.016334 0.022134
4 0.093353 0.113601 0.019893 0.019937
0 0.854127 0.469755 0.008024 0.164889
0 0.191338 0.601257 0.007870 0.246470
0 0.809397 0.373797 0.007763 0.153583
0 0.779198 0.253416 0.006597 0.171761
0 0.091772 0.260375 0.006198 0.249754
0 0.528954 0.596189 0.006896 0.150669
0 0.420561 0.491586 0.008153 0.240887
0 0.564532 0.496732 0.005820 0.173446
0 0.641667 0.822948 0.006074 0.166527
0 0.821406 0.332745 0.006789 0.171315
0 0.404673 0.441856 0.007182 0.253308
0 0.227961 0.475706 0.007671 0.249557
3 0.528271 0.703656 0.015791 0.020833
0 0.228146 0.477552 0.005262 0.254175
