1 0.914184 0.710798 0.019980 0.022672
3 0.693417 0.572885 0.018107 0.022692
3 0.087213 0.543104 0.016093 0.021808
3 0.443227 0.936324 0.016756 0.021728
3 0.227505 0.834132 0.018359 0.023606
4 0.552288 0.200121 0.021990 0.021677
4 0.315968 0.375197 0.021463 0.020647
1 0.705601 0.339128 0.020243 0.021735
1 0.831339 0.649486 0.018264 0.021436
2 0.574844 0.478242 0.019676 0.023930
3 0.845116 0.893686 0.016048 0.021402
3 0.165332 0.731142 0.017271 0.022032
1 0.787760 0.537543 0.019839 0.021784
3 0.903957 0.936091 0.016339 0.021398
1 0.176721 0.473571 0.020394 0.022079
4 0.868918 0.614981 0.020774 0.021804
4 0.621739 0.114329 0.019361 0.020109
3 0.772636 0.780940 0.017179 0.022254
1 0.090888 0.307922 0.019495 0.021085
0 0.574071 0.377749 0.006250 0.138836
3 0.824302 0.865700 0.015309 0.020514
0 0.902582 0.834159 0.006357 0.139245
0 0.785839 0.633445 0.005824 0.149064
0 0.823101 0.769116 0.006644 0.140682
0 0.620293 0.209410 0.004995 0.147589
0 0.550588 0.297911 0.005968 0.146120
0 0.830408 0.746965 0.006262 0.149033
0 0.693119 0.473226 0.006677 0.138896
0 0.175841 0.591658 0.006601 0.186770
0 0.226432 0.715341 0.006767 0.182970
0 0.772800 0.681747 0.007111 0.143036
0 0.867605 0.711610 0.005810 0.148604
0 0.010320 0.231673 0.005163 0.193569
0 0.314754 0.493285 0.006258 0.188800
0 0.164612 0.613064 0.008153 0.182608
0 0.705103 0.435298 0.005793 0.146638
1 0.012996 0.113713 0.018028 0.019880
0 0.844855 0.789673 0.007058 0.135275
