3 0.777729 0.715264 0.017229 0.022569
3 0.592992 0.559485 0.017534 0.023100
3 0.715109 0.690352 0.017407 0.023073
1 0.658991 0.445740 0.019531 0.021450
3 0.912287 0.936204 0.016336 0.021696
1 0.610231 0.390709 0.019308 0.021633
3 0.442760 0.936756 0.016102 0.021918
1 0.794884 0.546842 0.019506 0.022452
1 0.740557 0.501341 0.019516 0.022100
3 0.092531 0.514522 0.017708 0.021459
3 0.646664 0.604512 0.016565 0.021275
0 0.714262 0.619942 0.006141 0.087574
0 0.776976 0.644291 0.006248 0.087505
0 0.659944 0.509825 0.006447 0.084886
1 0.174873 0.123563 0.017682 0.020361
0 0.792852 0.612945 0.006187 0.090460
0 0.739317 0.568731 0.006711 0.089048
0 0.609004 0.457849 0.006065 0.089403
0 0.646309 0.535308 0.006585 0.086663
0 0.092046 0.407647 0.007005 0.160265
0 0.173892 0.227027 0.005723 0.167203
0 0.592607 0.489128 0.007251 0.085092
