4 0.285388 0.322786 0.021733 0.021079
2 0.443466 0.395645 0.018603 0.022467
1 0.575353 0.518196 0.019992 0.021760
2 0.780310 0.378220 0.019005 0.023769
1 0.881000 0.201050 0.020206 0.022519
4 0.425905 0.113753 0.021696 0.020454
4 0.710589 0.325387 0.020764 0.021194
3 0.631287 0.840212 0.017632 0.022289
2 0.182856 0.825697 0.019337 0.024162
2 0.313088 0.633507 0.020923 0.023579
1 0.613018 0.575874 0.020568 0.021092
4 0.110525 0.398700 0.022156 0.020870
2 0.599940 0.830785 0.017620 0.023306
2 0.717059 0.560858 0.019180 0.023597
4 0.803941 0.113380 0.019564 0.019792
3 0.912636 0.542672 0.016685 0.021419
3 0.852162 0.523172 0.017577 0.022356
4 0.771068 0.133257 0.019755 0.020136
0 0.109464 0.516496 0.006016 0.190492
0 0.182307 0.704205 0.006693 0.188396
0 0.879357 0.304305 0.005480 0.163426
0 0.613612 0.673980 0.005725 0.154046
0 0.573802 0.623615 0.005095 0.160598
0 0.769799 0.238284 0.006276 0.164323
0 0.632403 0.736121 0.006259 0.147968
0 0.424458 0.229966 0.005486 0.188560
0 0.716755 0.451619 0.006547 0.153351
0 0.851541 0.415429 0.006620 0.157781
0 0.283498 0.441651 0.005668 0.189214
0 0.802275 0.218043 0.004935 0.161270
0 0.600089 0.722202 0.007024 0.152983
0 0.779886 0.266907 0.007268 0.147615
0 0.709455 0.428676 0.005544 0.158532
