3 0.714526 0.895660 0.018070 0.022631
1 0.444031 0.277484 0.019288 0.021249
4 0.064804 0.357596 0.021119 0.019906
2 0.092602 0.711977 0.019619 0.023400
2 0.251357 0.522471 0.019567 0.023376
2 0.911107 0.693150 0.017646 0.022635
3 0.395110 0.692114 0.018776 0.022758
1 0.750218 0.528458 0.019175 0.021361
4 0.880730 0.345914 0.019959 0.020705
1 0.296274 0.120115 0.018745 0.020666
3 0.794256 0.936274 0.016878 0.021397
4 0.205489 0.113399 0.018844 0.018238
4 0.584187 0.113424 0.019978 0.019912
0 0.714159 0.783538 0.006518 0.169050
0 0.793222 0.824455 0.005864 0.166779
0 0.394053 0.553966 0.006521 0.221034
0 0.879236 0.455675 0.005062 0.172556
0 0.583096 0.221500 0.004999 0.171195
0 0.294545 0.254199 0.005308 0.224783
0 0.204948 0.246426 0.005242 0.223680
0 0.092041 0.607435 0.005823 0.147003
