1 0.815633 0.198896 0.020044 0.022046
3 0.240714 0.936689 0.018330 0.022711
1 0.157261 0.464933 0.020207 0.021525
4 0.759829 0.172318 0.022326 0.021736
3 0.910270 0.401866 0.017364 0.022826
2 0.791632 0.420713 0.019800 0.024494
4 0.432566 0.167427 0.022426 0.021205
2 0.443375 0.439584 0.019063 0.024800
2 0.822982 0.375666 0.018494 0.023774
3 0.125496 0.791354 0.018532 0.022251
4 0.864818 0.113859 0.022771 0.022218
3 0.542288 0.935930 0.016266 0.020907
0 0.823707 0.295449 0.006876 0.101544
0 0.863184 0.192995 0.006122 0.114423
0 0.758209 0.252665 0.005532 0.115140
0 0.541387 0.853849 0.005759 0.109094
0 0.240026 0.811752 0.007024 0.195324
0 0.790850 0.337217 0.007232 0.107309
0 0.814184 0.275328 0.005956 0.110183
0 0.431203 0.290010 0.006365 0.196824
