2 444.736084 421.995087 19.523315 14.863586
2 386.937500 460.163361 19.894379 14.859131
1 818.019775 243.087906 20.859985 13.999176
1 424.401306 201.949020 20.434479 13.213104
2 877.618164 523.578857 19.611084 14.587036
1 630.315308 168.839325 19.896057 13.979370
1 897.506775 342.046448 20.519043 13.948792
3 742.299988 572.317505 17.119263 13.243408
2 615.695190 337.170288 19.336914 13.955933
3 134.775452 572.926270 17.406342 13.283142
4 287.529175 69.582382 21.905304 13.127357
4 564.984558 69.260475 20.629639 12.207184
0 386.135681 367.406891 7.087585 149.804443
0 815.815063 310.292480 6.132385 106.292816
0 628.880737 234.754761 5.802185 104.664978
0 895.210632 408.138763 6.442749 104.016418
0 876.938293 454.049866 7.313965 101.560608
0 286.372467 160.212540 7.156250 153.157349
0 615.325684 268.314758 8.254761 99.375778
0 741.608337 505.169617 6.883423 101.284943
0 134.277405 480.843750 8.241409 153.783905
0 423.524658 290.148071 5.316376 152.397858
1 10.094576 121.962341 14.155983 12.619972
0 134.358521 481.412170 5.866180 149.874969
0 563.571533 135.096741 7.163513 106.519600
5 915.392700 523.166138 31.864929 30.267700
