3 0.249209 0.797534 0.017832 0.021839
1 0.542643 0.311811 0.018837 0.021049
3 0.586848 0.749587 0.016408 0.021327
1 0.906633 0.245900 0.020314 0.021133
1 0.150892 0.122080 0.017840 0.020260
1 0.443507 0.409063 0.019710 0.020154
1 0.298302 0.310621 0.020354 0.020019
2 0.105684 0.592719 0.019512 0.022194
3 0.798121 0.936062 0.016697 0.022010
2 0.913046 0.507388 0.017340 0.022939
3 0.383792 0.936014 0.017436 0.022448
4 0.673581 0.113606 0.018578 0.019926
4 0.059978 0.113232 0.019708 0.018444
0 0.585679 0.630007 0.005613 0.176436
0 0.105379 0.435015 0.006189 0.257371
0 0.058789 0.267210 0.004863 0.266455
0 0.672497 0.229150 0.005686 0.187578
0 0.296839 0.463336 0.005883 0.264123
0 0.382634 0.778168 0.006205 0.258842
0 0.798258 0.818338 0.005535 0.182566
0 0.149640 0.276044 0.005382 0.266734
0 0.541192 0.426701 0.004912 0.185619
0 0.248943 0.642026 0.006775 0.258441
0 0.904731 0.362076 0.005945 0.186118
0 0.383125 0.775944 0.004158 0.251659
