2 0.787752 0.529163 0.019469 0.024335
3 0.834029 0.620596 0.018636 0.023449
1 0.210104 0.329743 0.021442 0.021985
1 0.544810 0.440627 0.019619 0.022762
3 0.293241 0.913363 0.018348 0.021929
2 0.401326 0.643966 0.019601 0.023583
2 0.171969 0.752715 0.019068 0.023516
4 0.759656 0.221962 0.021803 0.021592
4 0.386608 0.297795 0.021541 0.020822
4 0.913539 0.112845 0.019973 0.020010
1 0.801977 0.295722 0.022308 0.023457
4 0.073153 0.113924 0.020117 0.019458
4 0.443600 0.205929 0.021455 0.021682
3 0.621587 0.935250 0.016879 0.021538
0 0.620371 0.833521 0.006549 0.146666
0 0.292846 0.762653 0.007177 0.247697
0 0.832709 0.516274 0.007664 0.148720
0 0.800277 0.393910 0.006916 0.153321
0 0.400213 0.492315 0.007521 0.245021
0 0.543579 0.540406 0.005420 0.155004
0 0.208442 0.475977 0.007006 0.249449
0 0.384838 0.444613 0.007390 0.253544
0 0.757951 0.322026 0.006164 0.155276
0 0.788926 0.430867 0.007812 0.138525
0 0.171138 0.599061 0.008580 0.245164
0 0.071973 0.260734 0.005801 0.251254
