2 0.791508 0.863953 0.018663 0.024346
3 0.913055 0.936561 0.018100 0.022450
1 0.778504 0.648709 0.020234 0.021952
3 0.213454 0.680287 0.015226 0.021177
3 0.028902 0.428679 0.017093 0.021915
3 0.442909 0.936267 0.017197 0.021855
3 0.377161 0.929336 0.017945 0.021933
3 0.100801 0.518167 0.015922 0.020319
1 0.038374 0.249940 0.019441 0.020927
1 0.408096 0.715137 0.020232 0.021873
1 0.193942 0.482655 0.018064 0.020483
3 0.745268 0.921883 0.018077 0.022087
3 0.190881 0.650939 0.015019 0.019857
4 0.841359 0.538704 0.021015 0.021588
1 0.106778 0.345921 0.018570 0.021024
1 0.218829 0.508447 0.018110 0.020676
0 0.776539 0.734139 0.005698 0.122676
0 0.839523 0.624215 0.004980 0.126171
0 0.541184 0.200259 0.005790 0.125332
0 0.744355 0.831360 0.005953 0.120553
4 0.542660 0.114994 0.017957 0.019204
0 0.790818 0.772183 0.006421 0.118303
0 0.028234 0.344419 0.005268 0.117580
0 0.376552 0.844236 0.006247 0.118744
0 0.036677 0.331541 0.005470 0.120276
