4 148.474182 99.226349 22.743698 12.820038
2 915.421082 367.964539 18.710571 14.462128
2 821.084229 409.140015 20.029541 14.256836
2 643.494812 532.262695 18.179199 13.965149
1 439.607758 92.840775 23.292297 14.463310
1 636.815857 369.648315 21.066895 13.587708
1 875.820557 110.731941 21.393494 13.930679
3 307.137024 360.226868 19.768707 13.974335
2 421.084442 270.811188 20.689819 14.478210
1 545.500244 226.870361 20.677673 13.749954
3 616.307129 572.334717 17.795593 12.960632
2 176.377747 296.560760 21.407364 14.290161
4 223.096298 69.359299 20.861450 11.987209
4 753.972961 69.667587 21.486084 12.589577
0 176.184998 218.282730 8.489975 118.849945
0 752.696655 142.576111 6.695801 116.371262
0 390.121460 143.759491 5.753571 120.821373
0 636.068115 442.592651 6.736511 115.050262
0 222.281982 144.896210 6.422089 123.330338
0 643.539673 457.352020 6.531555 109.457458
0 306.618103 283.818115 6.973145 120.840790
0 615.105713 499.589417 8.453613 114.204590
0 544.740051 298.820831 6.269409 113.972549
0 821.118652 335.027679 6.713623 111.179443
0 420.902283 192.686035 8.290070 118.938858
0 147.608566 174.053955 6.666962 122.052902
0 874.140625 180.689896 7.723328 112.470863
5 394.248291 75.049713 52.698608 36.187225
