3 198.770508 488.023132 17.761948 13.850922
3 333.788574 572.706665 17.108551 13.097900
2 443.880188 452.807861 18.836029 14.359467
1 700.748596 150.714020 20.196777 12.782364
2 55.430885 363.160645 18.817123 13.634674
3 915.205322 411.880890 17.051453 13.901489
1 763.428223 170.560760 19.371521 12.899521
1 248.114716 190.235046 20.395386 12.937119
4 850.061218 82.859718 20.608765 12.641342
1 415.590149 199.968628 21.729126 13.322632
2 732.934082 384.375000 19.203186 14.313690
1 100.517319 74.407784 18.278748 12.394424
3 592.112549 572.212158 16.266296 12.428894
0 792.910034 310.976624 5.946228 108.552582
0 764.824646 236.762207 5.428833 106.507217
0 246.757614 284.045776 6.392883 162.811829
0 198.170044 391.475769 6.523788 159.413330
0 699.270447 221.590118 5.534424 114.233826
0 848.557678 154.052689 4.806519 112.679451
0 333.487549 476.031921 6.773346 158.183685
0 54.774864 265.754700 5.713276 158.020340
0 98.642670 169.189789 5.049171 163.272339
0 414.645325 292.989655 6.083008 161.235474
0 732.243774 310.149109 6.247253 107.076385
0 591.958252 500.260742 6.361450 111.109009
0 54.948185 265.433044 3.973869 157.142303
5 795.612976 383.216064 46.515747 32.798859
