0 0.131500 0.568852 0.007000 0.173770
0 0.143500 0.549180 0.009000 0.167213
0 0.194500 0.662295 0.007000 0.163934
0 0.581000 0.428689 0.008000 0.119672
0 0.592500 0.393443 0.007000 0.121311
0 0.659500 0.605738 0.007000 0.122951
0 0.674000 0.559016 0.006000 0.121311
0 0.712500 0.675410 0.011000 0.111475
0 0.718500 0.661475 0.007000 0.126230
0 0.732500 0.697541 0.009000 0.119672
0 0.756500 0.634426 0.009000 0.127869
0 0.792500 0.737705 0.009000 0.121311
0 0.806000 0.701639 0.010000 0.127869
0 0.849500 0.834426 0.007000 0.124590
0 0.880500 0.747541 0.009000 0.121311
0 0.281500 0.463115 0.007000 0.172131
1 0.057500 0.291803 0.017000 0.019672
1 0.143000 0.439344 0.018000 0.019672
1 0.594000 0.309016 0.014000 0.024590
1 0.676000 0.480328 0.018000 0.019672
1 0.720000 0.576230 0.016000 0.021311
1 0.806500 0.613115 0.017000 0.019672
1 0.882000 0.658197 0.018000 0.024590
3 0.053500 0.508197 0.019000 0.022951
3 0.131500 0.677049 0.019000 0.019672
3 0.194500 0.772951 0.021000 0.027869
3 0.445000 0.941803 0.018000 0.024590
3 0.583500 0.519672 0.021000 0.029508
3 0.661000 0.697541 0.022000 0.031148
3 0.734000 0.794262 0.018000 0.024590
3 0.790500 0.827049 0.015000 0.021311
3 0.851500 0.928689 0.017000 0.024590
3 0.916500 0.942623 0.019000 0.026230
4 0.283500 0.353279 0.023000 0.024590
4 0.756500 0.546721 0.015000 0.021311