1 0.122000 0.349180 0.018000 0.019672
1 0.171000 0.424590 0.020000 0.016393
1 0.547000 0.374590 0.016000 0.021311
3 0.528500 0.619672 0.015000 0.022951
1 0.708000 0.597541 0.020000 0.021311
4 0.740000 0.534426 0.022000 0.022951
4 0.776500 0.453279 0.019000 0.018033
4 0.916500 0.115574 0.019000 0.018033
3 0.046500 0.730328 0.017000 0.018033
2 0.161500 0.655738 0.019000 0.019672
3 0.303000 0.941803 0.024000 0.024590
4 0.446000 0.392623 0.024000 0.021311
3 0.659000 0.941803 0.016000 0.021311
2 0.712000 0.804918 0.016000 0.019672
2 0.744500 0.738525 0.021000 0.024590
2 0.797500 0.706557 0.019000 0.019672
0 0.046000 0.616393 0.006000 0.160656
0 0.122000 0.455738 0.008000 0.170492
0 0.163500 0.550820 0.005000 0.157377
0 0.171500 0.535246 0.007000 0.165574
0 0.300500 0.827049 0.005000 0.165574
0 0.546500 0.464754 0.005000 0.139344
0 0.658500 0.847541 0.009000 0.134426
0 0.704500 0.692623 0.007000 0.139344
0 0.712500 0.699180 0.009000 0.109836
0 0.737500 0.628689 0.007000 0.132787
0 0.745000 0.636885 0.008000 0.116393
0 0.776000 0.546721 0.008000 0.136066
0 0.796500 0.610656 0.007000 0.122951