1 0.701008 0.370434 0.020325 0.021373
4 0.201215 0.162538 0.022395 0.021806
2 0.229672 0.485011 0.020655 0.023309
2 0.672969 0.735924 0.019898 0.024192
1 0.792099 0.604323 0.020852 0.020948
3 0.770955 0.936078 0.017125 0.021693
2 0.798491 0.870305 0.018566 0.023632
4 0.275769 0.113799 0.019934 0.020092
3 0.359475 0.588438 0.018975 0.022543
4 0.908647 0.113520 0.021146 0.021278
4 0.591096 0.113780 0.020277 0.019998
0 0.672295 0.615488 0.006064 0.181363
0 0.699635 0.486416 0.005433 0.187471
0 0.199689 0.284869 0.005686 0.199390
0 0.590226 0.229532 0.004694 0.186315
0 0.359117 0.462436 0.006983 0.195570
0 0.769975 0.817397 0.006328 0.185617
0 0.228344 0.359092 0.006944 0.192215
0 0.275004 0.236095 0.006015 0.200525
0 0.798786 0.747746 0.006024 0.177485
0 0.790667 0.722358 0.005793 0.187976
5 0.444505 0.122660 0.042343 0.050587
