0 0.037000 0.511475 0.006000 0.134426
0 0.047000 0.522951 0.008000 0.127869
0 0.190000 0.262295 0.008000 0.137705
0 0.232500 0.334426 0.007000 0.134426
0 0.253000 0.298361 0.008000 0.134426
0 0.324000 0.423770 0.006000 0.136066
0 0.534000 0.633607 0.008000 0.139344
0 0.593000 0.413115 0.006000 0.150820
0 0.623000 0.528689 0.010000 0.142623
0 0.630000 0.506557 0.006000 0.154098
0 0.717000 0.843443 0.006000 0.159016
0 0.794500 0.545902 0.005000 0.157377
0 0.810500 0.596721 0.007000 0.134426
4 0.039500 0.419672 0.019000 0.019672
4 0.189000 0.168852 0.024000 0.019672
4 0.445500 0.114754 0.021000 0.019672
1 0.594000 0.315574 0.020000 0.021311
1 0.633000 0.407377 0.022000 0.021311
1 0.795500 0.443443 0.021000 0.024590
1 0.256000 0.205738 0.022000 0.021311
4 0.916500 0.115574 0.021000 0.024590
2 0.045000 0.615574 0.018000 0.027869
2 0.231500 0.429508 0.023000 0.019672
3 0.325500 0.519672 0.019000 0.026230
2 0.535500 0.741803 0.017000 0.031148
2 0.624000 0.631967 0.022000 0.027869
2 0.809500 0.695902 0.021000 0.024590
3 0.718000 0.940984 0.020000 0.022951