3 0.443066 0.913408 0.017847 0.022223
2 0.738276 0.661174 0.020333 0.025369
2 0.321811 0.752034 0.018822 0.025339
1 0.678749 0.228342 0.021710 0.023446
1 0.757967 0.380916 0.022814 0.024577
3 0.603158 0.736778 0.018381 0.022888
1 0.827853 0.418818 0.022346 0.024128
1 0.359966 0.329741 0.021649 0.021394
3 0.789771 0.718699 0.017670 0.022717
3 0.903602 0.935801 0.016718 0.021718
4 0.223404 0.114038 0.020880 0.020805
3 0.070361 0.935537 0.017181 0.021259
1 0.914327 0.693619 0.018397 0.021964
0 0.737593 0.553614 0.008191 0.155314
0 0.755460 0.482813 0.007229 0.159474
0 0.222226 0.262190 0.007111 0.252906
0 0.676286 0.332514 0.006632 0.162483
0 0.902708 0.830544 0.005924 0.155687
0 0.790801 0.616441 0.007678 0.143905
0 0.825960 0.520660 0.006511 0.158317
0 0.069583 0.787382 0.006259 0.244130
0 0.602155 0.629738 0.007111 0.156240
0 0.358867 0.474843 0.006398 0.249257
0 0.321132 0.599795 0.006738 0.243516
