0 0.052500 0.679508 0.007000 0.218033
0 0.189500 0.253279 0.005000 0.227869
0 0.364500 0.800000 0.005000 0.219672
0 0.417000 0.639344 0.004000 0.226230
0 0.545500 0.387705 0.007000 0.106557
0 0.563000 0.344262 0.008000 0.114754
0 0.733000 0.854918 0.006000 0.116393
0 0.833500 0.586066 0.005000 0.129508
0 0.898000 0.765574 0.008000 0.101639
3 0.052500 0.822951 0.019000 0.019672
4 0.191000 0.114754 0.016000 0.019672
3 0.365500 0.940164 0.019000 0.024590
1 0.419500 0.502459 0.023000 0.024590
2 0.445000 0.851639 0.024000 0.021311
3 0.546000 0.477049 0.018000 0.019672
1 0.565500 0.263115 0.023000 0.018033
1 0.837000 0.502459 0.024000 0.024590
3 0.734500 0.941803 0.021000 0.027869
1 0.912000 0.650000 0.020000 0.024590
2 0.894500 0.852459 0.017000 0.019672