0 0.134000 0.787705 0.006000 0.247541
0 0.286000 0.263934 0.004000 0.249180
0 0.387000 0.605738 0.006000 0.244262
0 0.424000 0.480328 0.006000 0.242623
0 0.580500 0.225410 0.007000 0.168852
0 0.632500 0.431967 0.007000 0.149180
0 0.646000 0.385246 0.006000 0.163934
0 0.759500 0.830328 0.009000 0.175410
0 0.834000 0.510656 0.006000 0.165574
0 0.894000 0.750000 0.006000 0.165574
4 0.288500 0.118033 0.023000 0.022951
4 0.580500 0.116393 0.021000 0.022951
3 0.136000 0.938525 0.018000 0.024590
1 0.426500 0.335246 0.027000 0.021311
1 0.648000 0.277049 0.022000 0.022951
1 0.835500 0.401639 0.021000 0.029508
1 0.915000 0.563115 0.022000 0.027869
2 0.388000 0.756557 0.022000 0.027869
2 0.444500 0.696721 0.019000 0.026230
2 0.632000 0.554098 0.020000 0.019672
2 0.896500 0.860656 0.021000 0.032787
3 0.760000 0.940984 0.018000 0.029508