1 0.645598 0.210253 0.021211 0.022839
4 0.084461 0.380277 0.022588 0.021289
3 0.370101 0.483931 0.019624 0.023381
2 0.675363 0.572837 0.021053 0.024990
1 0.845840 0.359831 0.022132 0.022431
2 0.586581 0.701418 0.020065 0.023746
1 0.682407 0.317111 0.021253 0.021731
4 0.913621 0.198662 0.020517 0.020428
2 0.277515 0.386704 0.021524 0.024998
4 0.443486 0.147965 0.021109 0.020643
3 0.768710 0.936266 0.017931 0.022136
2 0.860173 0.647595 0.019767 0.025375
2 0.092417 0.589256 0.019846 0.023555
4 0.236272 0.114005 0.020519 0.021263
1 0.300983 0.153547 0.022390 0.022405
0 0.277008 0.286409 0.006762 0.140910
0 0.369492 0.384854 0.006437 0.141210
0 0.643617 0.323495 0.005819 0.179375
0 0.674620 0.456462 0.006728 0.165557
0 0.585825 0.582455 0.006799 0.170297
0 0.860842 0.536396 0.007034 0.164613
0 0.767461 0.820161 0.006674 0.175142
0 0.235292 0.208985 0.005531 0.149408
0 0.083083 0.476420 0.006733 0.144754
0 0.298686 0.248486 0.005915 0.147502
0 0.092220 0.488589 0.007625 0.139710
0 0.681377 0.432620 0.006757 0.179357
