4 148.570099 99.229156 22.108047 12.773369
2 821.887207 409.270447 19.478088 14.325867
1 440.073914 92.702530 21.373932 13.354210
2 915.738708 368.080963 18.240356 14.429688
3 616.430420 572.160278 17.108582 12.748596
2 644.076782 532.122314 18.484863 14.055481
1 637.364380 369.931122 20.230286 13.041504
1 875.791016 110.707581 20.150452 13.027901
3 307.490356 360.208252 19.010651 13.814392
2 177.011429 296.737305 20.467133 14.365784
2 421.638184 270.990356 20.188995 14.652710
1 546.289246 226.671234 20.463013 13.153366
4 223.651840 69.410606 20.327209 12.099354
4 754.508179 69.672478 20.733704 12.661758
0 390.468140 144.006729 4.922882 121.816742
0 176.058411 219.158356 6.779129 120.030563
0 636.189453 440.503052 5.846008 116.373749
0 222.429810 144.568756 5.480057 123.009323
0 820.952271 335.092712 5.942139 109.719757
0 752.794678 141.921295 5.204041 116.385040
0 643.286072 457.538879 5.950928 107.899536
0 421.913116 192.242386 7.242676 121.091980
0 147.526031 174.244110 5.756851 122.528427
0 306.495178 283.725006 6.368164 120.434692
0 615.245361 499.712158 7.211304 113.321899
0 544.796570 297.800476 5.229370 115.090302
5 393.436401 74.697495 49.274078 32.840393
