3 0.022319 0.775144 0.017983 0.022960
2 0.912931 0.518624 0.018394 0.023991
4 0.095355 0.267402 0.023022 0.021882
2 0.828692 0.706692 0.018946 0.022872
1 0.806764 0.303176 0.020321 0.020633
3 0.392490 0.936659 0.018220 0.022262
2 0.775215 0.747356 0.018512 0.023198
1 0.743558 0.289376 0.021052 0.020984
1 0.608203 0.262879 0.021065 0.022136
3 0.677850 0.936311 0.018175 0.022406
2 0.138690 0.694356 0.020305 0.023631
1 0.443646 0.488210 0.020003 0.021626
3 0.588594 0.639561 0.017783 0.022164
4 0.897396 0.153873 0.021582 0.020873
4 0.229816 0.113409 0.019374 0.019143
0 0.839596 0.524015 0.005435 0.268589
2 0.529928 0.477929 0.016626 0.024002
0 0.741994 0.423633 0.005496 0.223829
0 0.543773 0.249929 0.004966 0.225081
0 0.677090 0.796294 0.006883 0.223124
0 0.527914 0.340014 0.006025 0.229205
0 0.606519 0.396198 0.005085 0.227832
0 0.828672 0.567009 0.006589 0.216662
0 0.138702 0.549293 0.006800 0.233925
0 0.804731 0.438153 0.005188 0.226777
1 0.544535 0.114490 0.018477 0.017738
0 0.021517 0.627659 0.006345 0.231136
0 0.895765 0.286800 0.005107 0.220124
0 0.391824 0.791431 0.005680 0.232069
0 0.774744 0.606193 0.005487 0.217362
0 0.588145 0.500862 0.006551 0.221885
0 0.849602 0.555912 0.006764 0.225481
0 0.228223 0.254615 0.005949 0.238879
