2 0.619353 0.894372 0.018643 0.024646
1 0.218577 0.363920 0.021172 0.022108
4 0.333692 0.238415 0.022817 0.021587
3 0.207006 0.790982 0.018818 0.022996
2 0.120659 0.634994 0.018157 0.022650
2 0.798909 0.819293 0.019699 0.024626
4 0.443976 0.134289 0.021939 0.021191
3 0.260674 0.936476 0.018880 0.023197
2 0.377079 0.822053 0.019454 0.023224
4 0.717855 0.219911 0.022144 0.021101
4 0.913679 0.113167 0.020580 0.020709
1 0.139207 0.176697 0.020583 0.020532
1 0.168099 0.228934 0.020857 0.019728
1 0.581954 0.498662 0.020553 0.022047
3 0.158223 0.645264 0.017716 0.021935
0 0.332235 0.427883 0.007462 0.345447
3 0.535363 0.935347 0.016853 0.022043
0 0.534504 0.819903 0.006913 0.177293
0 0.206388 0.597439 0.006663 0.332646
0 0.089492 0.301616 0.006962 0.341161
0 0.580660 0.612034 0.005700 0.181390
0 0.716084 0.333748 0.005243 0.179957
0 0.376326 0.631943 0.008090 0.344373
0 0.138220 0.360301 0.006679 0.325636
0 0.166521 0.422308 0.007034 0.348038
0 0.120785 0.436856 0.007604 0.323154
0 0.259709 0.743204 0.007458 0.322166
0 0.158079 0.445705 0.007215 0.316439
0 0.798446 0.701082 0.006586 0.176395
0 0.618288 0.775490 0.007610 0.172152
5 0.094333 0.129016 0.044249 0.038903
