0 0.043500 0.633607 0.007000 0.231148
0 0.117000 0.413115 0.008000 0.239344
0 0.160500 0.552459 0.005000 0.229508
0 0.251500 0.257377 0.007000 0.242623
0 0.415500 0.800820 0.005000 0.240984
0 0.637500 0.600000 0.003000 0.121311
0 0.653500 0.551639 0.003000 0.126230
0 0.697000 0.694262 0.004000 0.126230
0 0.716500 0.636066 0.005000 0.134426
0 0.786500 0.855738 0.005000 0.131148
0 0.852000 0.646721 0.006000 0.119672
0 0.884500 0.750820 0.005000 0.131148
3 0.044000 0.780328 0.020000 0.022951
4 0.118000 0.270492 0.020000 0.022951
4 0.253500 0.116393 0.021000 0.019672
2 0.163500 0.700820 0.027000 0.021311
3 0.416000 0.940164 0.020000 0.021311
3 0.699000 0.780328 0.018000 0.029508
3 0.789000 0.942623 0.024000 0.032787
1 0.445500 0.567213 0.023000 0.022951
1 0.653000 0.471311 0.016000 0.027869
1 0.718000 0.550820 0.026000 0.026230
1 0.852500 0.562295 0.021000 0.026230
1 0.918500 0.574590 0.023000 0.027869
2 0.887000 0.841803 0.024000 0.027869
2 0.638000 0.691803 0.022000 0.026230