3 123.991417 449.928223 18.349655 14.102448
3 898.662842 572.479370 17.789124 14.015198
1 915.615601 401.847351 20.006409 13.142120
3 444.017944 572.256226 17.770905 13.843079
1 173.151047 175.044983 20.474640 12.791916
1 600.092285 129.992783 20.018372 12.761055
3 259.197784 527.147461 17.759506 13.409363
1 340.721832 184.132019 23.040649 13.787201
2 632.523438 343.492584 19.503113 14.586487
1 663.594238 147.852310 19.674072 13.419830
4 750.065002 69.873817 19.856323 12.719440
0 339.412415 272.170197 7.094025 149.263550
0 664.324097 209.975037 5.906189 96.154800
0 692.518555 275.767914 6.088257 99.673630
0 123.261337 360.284668 6.995171 146.197571
0 598.679199 195.237854 5.125305 102.864029
0 23.421848 157.742233 5.468912 148.769531
0 631.803467 274.836884 6.398926 95.302048
0 898.241821 506.114868 6.966492 98.562225
0 171.700897 262.031250 6.547745 147.880081
0 257.768494 436.737854 7.565369 145.414703
1 24.825586 70.590698 19.831730 11.461464
0 748.243896 134.979675 5.658386 102.498619
5 694.052917 342.466919 38.340454 30.417145
