3 0.651545 0.636328 0.017561 0.023151
1 0.853228 0.630571 0.020103 0.021866
1 0.668905 0.444329 0.019087 0.021479
1 0.717301 0.510468 0.019748 0.021557
3 0.442695 0.935770 0.016904 0.022192
3 0.912856 0.936019 0.017384 0.022052
3 0.147616 0.634770 0.017396 0.021587
1 0.229978 0.240291 0.022320 0.022100
3 0.836091 0.822044 0.016722 0.022150
3 0.772816 0.792620 0.017484 0.022316
3 0.705048 0.690334 0.016060 0.021490
1 0.062450 0.229877 0.021333 0.021582
1 0.799325 0.576705 0.019714 0.022225
0 0.650863 0.556953 0.006564 0.100257
3 0.014331 0.550029 0.015922 0.020897
0 0.666996 0.518651 0.006310 0.107322
0 0.012535 0.439844 0.006549 0.158409
0 0.798038 0.652520 0.005559 0.106104
0 0.772849 0.713953 0.006232 0.103312
0 0.704816 0.611248 0.007096 0.100084
0 0.835652 0.744318 0.006586 0.101612
0 0.851490 0.705809 0.006094 0.106212
0 0.060501 0.333658 0.005659 0.166959
0 0.228302 0.344763 0.006639 0.165737
0 0.147604 0.525518 0.007125 0.159298
