1 0.808573 0.198762 0.019833 0.021812
2 0.784861 0.420794 0.019691 0.024288
3 0.240715 0.936689 0.018330 0.022712
1 0.157246 0.465003 0.020528 0.021604
4 0.432558 0.167410 0.022340 0.021156
4 0.752753 0.172338 0.022218 0.021816
2 0.443341 0.439631 0.018873 0.024669
1 0.913947 0.218271 0.020525 0.023288
2 0.815609 0.375538 0.018334 0.023516
3 0.903922 0.401991 0.017362 0.022511
3 0.125495 0.791353 0.018550 0.022278
4 0.857642 0.113566 0.021943 0.021725
3 0.535397 0.935729 0.016579 0.021405
0 0.902781 0.319206 0.006045 0.109283
0 0.784269 0.337440 0.006477 0.109323
0 0.534460 0.854241 0.005623 0.107947
0 0.807174 0.273678 0.005907 0.107760
0 0.855730 0.193004 0.005437 0.113583
0 0.816781 0.296219 0.007064 0.101957
0 0.240025 0.811742 0.007048 0.195321
0 0.431260 0.289391 0.006219 0.196152
0 0.751364 0.252434 0.006473 0.111422
