0 0.070000 0.790164 0.006000 0.242623
0 0.223000 0.262295 0.008000 0.242623
0 0.322500 0.603279 0.007000 0.242623
0 0.360000 0.480328 0.006000 0.255738
0 0.604500 0.633607 0.007000 0.155738
0 0.679500 0.331148 0.007000 0.150820
0 0.740500 0.559836 0.009000 0.155738
0 0.759000 0.486885 0.008000 0.163934
0 0.794000 0.622131 0.006000 0.149180
0 0.829000 0.525410 0.008000 0.162295
0 0.907000 0.836066 0.008000 0.157377
3 0.070500 0.940164 0.019000 0.018033
3 0.445000 0.918033 0.018000 0.022951
3 0.605500 0.740164 0.021000 0.024590
3 0.791000 0.722131 0.016000 0.021311
2 0.324500 0.755738 0.021000 0.026230
2 0.741500 0.668033 0.021000 0.024590
1 0.682500 0.230328 0.025000 0.024590
1 0.762000 0.385246 0.022000 0.022951
1 0.829500 0.420492 0.021000 0.018033
1 0.361000 0.331148 0.022000 0.019672
1 0.918000 0.698361 0.018000 0.019672
3 0.906000 0.941803 0.016000 0.018033
4 0.222500 0.117213 0.017000 0.014754