2 0.244623 0.752576 0.019504 0.023940
4 0.913743 0.147035 0.021520 0.021201
3 0.365915 0.913956 0.017927 0.021291
1 0.715784 0.338138 0.021110 0.022953
1 0.443677 0.353139 0.021344 0.022791
1 0.566570 0.114344 0.018730 0.019351
3 0.677898 0.680707 0.017606 0.022245
1 0.646073 0.292490 0.021823 0.022778
2 0.625942 0.613708 0.020400 0.023724
1 0.282720 0.330129 0.021764 0.022004
3 0.791380 0.935860 0.016758 0.022386
0 0.643490 0.409216 0.006133 0.184309
4 0.145495 0.113596 0.020269 0.020268
0 0.144469 0.262404 0.006904 0.253019
0 0.713675 0.455428 0.006052 0.185458
0 0.244162 0.601718 0.007495 0.247487
0 0.365027 0.760949 0.006418 0.252056
0 0.790660 0.815756 0.006579 0.180818
0 0.678951 0.566979 0.006767 0.170384
0 0.564368 0.231395 0.005506 0.189749
0 0.625653 0.492082 0.008371 0.183457
