0 0.276500 0.763115 0.007000 0.145902
0 0.338000 0.638525 0.004000 0.149180
0 0.533000 0.676230 0.006000 0.149180
0 0.628500 0.307377 0.007000 0.155738
0 0.654000 0.401639 0.008000 0.144262
0 0.683500 0.286066 0.005000 0.145902
0 0.801500 0.741803 0.005000 0.152459
0 0.843500 0.596721 0.005000 0.154098
0 0.906500 0.836885 0.005000 0.142623
3 0.277500 0.863115 0.017000 0.021311
1 0.338500 0.540164 0.015000 0.018033
1 0.419500 0.692623 0.019000 0.018033
3 0.415500 0.890984 0.015000 0.021311
3 0.445500 0.942623 0.017000 0.016393
3 0.532000 0.777049 0.016000 0.016393
1 0.628000 0.205738 0.016000 0.014754
2 0.654000 0.505738 0.018000 0.021311
4 0.686000 0.187705 0.022000 0.021311
1 0.845500 0.496721 0.023000 0.016393
3 0.801500 0.840984 0.021000 0.022951
1 0.917000 0.704918 0.018000 0.016393
3 0.907000 0.941803 0.016000 0.021311