0 0.072500 0.287705 0.007000 0.198361
0 0.101000 0.366393 0.004000 0.195082
0 0.147000 0.238525 0.004000 0.201639
0 0.232500 0.467213 0.007000 0.193443
0 0.315500 0.237705 0.005000 0.200000
0 0.346500 0.317213 0.005000 0.191803
0 0.364500 0.271311 0.007000 0.198361
0 0.384000 0.314754 0.006000 0.173770
0 0.393000 0.302459 0.006000 0.191803
0 0.433000 0.409016 0.006000 0.191803
0 0.546000 0.611475 0.006000 0.203279
0 0.599500 0.321311 0.005000 0.216393
0 0.639000 0.532787 0.006000 0.206557
0 0.658500 0.440984 0.005000 0.216393
0 0.692000 0.620492 0.006000 0.198361
0 0.747500 0.386885 0.007000 0.213115
0 0.825000 0.801639 0.008000 0.203279
0 0.875500 0.549180 0.005000 0.206557
4 0.073000 0.164754 0.020000 0.021311
4 0.149500 0.114754 0.019000 0.016393
2 0.101500 0.486066 0.023000 0.024590
2 0.348000 0.446721 0.018000 0.021311
2 0.546500 0.749180 0.023000 0.029508
2 0.638500 0.671311 0.015000 0.021311
2 0.912000 0.878689 0.018000 0.026230
3 0.232500 0.592623 0.019000 0.021311
3 0.692500 0.761475 0.017000 0.021311
3 0.825000 0.941803 0.018000 0.024590
1 0.365500 0.152459 0.017000 0.019672
1 0.394000 0.181967 0.022000 0.019672
1 0.446500 0.262295 0.019000 0.022951
1 0.600000 0.194262 0.020000 0.021311
1 0.659000 0.309836 0.022000 0.022951
4 0.747500 0.256557 0.023000 0.021311
1 0.875500 0.425410 0.021000 0.021311
3 0.385500 0.451639 0.017000 0.021311
3 0.434500 0.537705 0.019000 0.026230