1 0.914427 0.198978 0.019988 0.022857
1 0.801577 0.198753 0.020029 0.022220
2 0.778084 0.420921 0.019918 0.024098
3 0.240715 0.936690 0.018331 0.022712
1 0.157245 0.464927 0.020247 0.021653
4 0.432593 0.167440 0.022565 0.021250
2 0.443392 0.439592 0.019163 0.024871
4 0.745502 0.172453 0.022226 0.021835
3 0.896795 0.401966 0.017634 0.022575
2 0.808661 0.375383 0.018728 0.024642
3 0.125497 0.791354 0.018529 0.022249
4 0.850265 0.113923 0.022097 0.022597
0 0.896240 0.318527 0.006840 0.110566
0 0.800115 0.274278 0.006298 0.109145
0 0.776939 0.337130 0.007750 0.108037
0 0.527720 0.855580 0.005250 0.109012
0 0.744375 0.252372 0.006154 0.112880
0 0.240026 0.811755 0.007023 0.195319
0 0.809832 0.294223 0.007491 0.103607
0 0.848826 0.192953 0.005972 0.113994
0 0.431157 0.290311 0.006299 0.197073
3 0.529390 0.934703 0.014740 0.019775
