2 0.443291 0.442312 0.018794 0.023313
2 0.913415 0.669052 0.018381 0.023176
4 0.170310 0.162335 0.022483 0.021631
1 0.729080 0.604325 0.020194 0.021166
2 0.609642 0.735945 0.019477 0.023349
2 0.198765 0.484977 0.020540 0.023382
1 0.638233 0.370435 0.020066 0.021088
3 0.708066 0.936210 0.017077 0.021799
2 0.735605 0.870063 0.018836 0.024033
4 0.845967 0.113717 0.020499 0.020221
3 0.328742 0.588522 0.019172 0.022744
4 0.245471 0.113667 0.020270 0.020056
0 0.609237 0.615335 0.005946 0.180875
0 0.328256 0.462343 0.006191 0.194668
0 0.168769 0.285320 0.005619 0.200468
0 0.636861 0.486005 0.004975 0.187162
0 0.197590 0.358848 0.006600 0.193128
0 0.707299 0.817624 0.005886 0.185256
0 0.527428 0.231352 0.004671 0.187107
0 0.411207 0.235561 0.005025 0.201090
0 0.735916 0.747359 0.005658 0.174402
0 0.727794 0.720225 0.005410 0.186012
0 0.243953 0.235988 0.005659 0.201228
4 0.530740 0.113196 0.017925 0.018185
5 0.412035 0.122193 0.047144 0.050279
