1 0.542000 0.554918 0.018000 0.024590
1 0.116000 0.257377 0.020000 0.016393
1 0.145500 0.303279 0.021000 0.022951
1 0.195500 0.422951 0.021000 0.022951
4 0.311000 0.312295 0.022000 0.021311
4 0.445500 0.115574 0.021000 0.021311
4 0.678000 0.312295 0.024000 0.024590
4 0.899000 0.115574 0.022000 0.024590
2 0.098000 0.675410 0.024000 0.019672
2 0.354000 0.842623 0.018000 0.022951
2 0.580500 0.905738 0.021000 0.027869
2 0.760500 0.839344 0.021000 0.026230
2 0.917000 0.382787 0.016000 0.024590
3 0.135000 0.681967 0.020000 0.022951
3 0.182500 0.810656 0.021000 0.024590
3 0.237000 0.942623 0.020000 0.026230
0 0.066000 0.369672 0.008000 0.300000
0 0.096500 0.494262 0.005000 0.293443
0 0.114500 0.427869 0.005000 0.304918
0 0.134500 0.505738 0.007000 0.293443
0 0.142500 0.473770 0.005000 0.298361
0 0.183000 0.632787 0.006000 0.295082
0 0.193500 0.594262 0.005000 0.303279
0 0.236500 0.761475 0.007000 0.286885
0 0.308500 0.482787 0.005000 0.296721
0 0.352500 0.661475 0.007000 0.290164
0 0.541000 0.658197 0.004000 0.155738
0 0.578500 0.797541 0.005000 0.152459
0 0.676500 0.411475 0.005000 0.154098
0 0.758500 0.728689 0.005000 0.145902
0 0.900000 0.220492 0.006000 0.162295