0 0.647000 0.700000 0.008000 0.134426
0 0.653500 0.709836 0.009000 0.111475
0 0.679500 0.638525 0.007000 0.126230
0 0.686500 0.649180 0.007000 0.111475
0 0.718000 0.561475 0.008000 0.126230
0 0.738000 0.624590 0.006000 0.121311
0 0.876500 0.207377 0.007000 0.129508
0 0.033000 0.618852 0.006000 0.165574
0 0.107500 0.455738 0.007000 0.177049
0 0.149500 0.546721 0.009000 0.159016
0 0.159000 0.536066 0.008000 0.167213
0 0.287000 0.827049 0.008000 0.155738
0 0.600000 0.852459 0.006000 0.131148
3 0.035000 0.731967 0.020000 0.021311
3 0.601000 0.940164 0.018000 0.021311
1 0.108500 0.350000 0.021000 0.018033
1 0.159000 0.426230 0.020000 0.022951
4 0.440500 0.368852 0.019000 0.016393
4 0.718500 0.470492 0.019000 0.022951
4 0.681000 0.550000 0.020000 0.018033
4 0.879000 0.116393 0.022000 0.026230
1 0.646500 0.611475 0.017000 0.019672
2 0.654000 0.812295 0.018000 0.018033
2 0.687000 0.747541 0.020000 0.022951
2 0.738000 0.718852 0.018000 0.018033
3 0.287500 0.940984 0.015000 0.019672
2 0.149000 0.655738 0.018000 0.019672
2 0.445000 0.595082 0.018000 0.019672
2 0.916000 0.424590 0.018000 0.019672