1 0.585042 0.312821 0.020669 0.023304
4 0.038371 0.416027 0.022010 0.021663
1 0.785831 0.440292 0.021932 0.024070
2 0.912970 0.339549 0.018053 0.022127
2 0.614306 0.627904 0.020316 0.025855
4 0.189630 0.166606 0.022242 0.021750
2 0.046170 0.613411 0.019461 0.022743
2 0.231528 0.425491 0.020378 0.023889
1 0.622305 0.404447 0.021328 0.022856
3 0.708137 0.936134 0.018065 0.022401
1 0.254307 0.204479 0.022372 0.022563
3 0.324067 0.515245 0.019616 0.023427
4 0.443544 0.112306 0.020079 0.019170
2 0.799009 0.691379 0.020894 0.025540
4 0.906777 0.113439 0.021821 0.021511
0 0.800185 0.591541 0.006771 0.136568
0 0.323752 0.421653 0.006661 0.133700
0 0.613601 0.525176 0.007437 0.140694
0 0.707176 0.832240 0.006841 0.148744
0 0.620352 0.501329 0.006276 0.149392
0 0.230925 0.329708 0.006425 0.132317
0 0.583079 0.411951 0.005472 0.155232
0 0.252436 0.295232 0.005464 0.136332
0 0.783608 0.538772 0.005712 0.151912
0 0.046374 0.516210 0.007780 0.132972
0 0.036795 0.506682 0.006887 0.136538
0 0.904951 0.213498 0.006639 0.152459
0 0.188672 0.258402 0.006467 0.137397
