0 0.017500 0.389344 0.009000 0.221311
0 0.025500 0.369672 0.007000 0.231148
0 0.154000 0.793443 0.008000 0.226230
0 0.307500 0.286885 0.007000 0.242623
0 0.406500 0.617213 0.007000 0.227869
0 0.649000 0.222951 0.008000 0.173770
0 0.701500 0.442623 0.007000 0.167213
0 0.714500 0.385246 0.007000 0.167213
0 0.827500 0.831967 0.007000 0.168852
0 0.902000 0.508197 0.006000 0.170492
1 0.026500 0.229508 0.021000 0.019672
1 0.443500 0.354918 0.017000 0.018033
1 0.716500 0.281148 0.021000 0.018033
1 0.903000 0.400000 0.016000 0.022951
2 0.016000 0.534426 0.018000 0.019672
2 0.408000 0.764754 0.018000 0.018033
2 0.700500 0.555738 0.019000 0.019672
2 0.917500 0.678689 0.019000 0.019672
4 0.307500 0.145082 0.023000 0.018033
4 0.650000 0.113934 0.020000 0.021311
3 0.155000 0.940164 0.020000 0.021311
3 0.828000 0.942623 0.016000 0.019672