3 0.817736 0.903875 0.016804 0.022790
1 0.914042 0.694064 0.019364 0.022360
3 0.770583 0.803793 0.017011 0.021321
1 0.708503 0.394970 0.019866 0.022011
3 0.665782 0.713822 0.018029 0.021890
3 0.240578 0.797384 0.016844 0.020959
3 0.442860 0.935989 0.016652 0.021248
1 0.852629 0.593490 0.020407 0.021286
1 0.780457 0.585580 0.020648 0.022131
1 0.381644 0.641493 0.020038 0.021518
1 0.302753 0.500468 0.019452 0.021312
3 0.896337 0.936208 0.017106 0.021498
3 0.378472 0.824524 0.016806 0.021913
4 0.549825 0.113871 0.017573 0.018499
0 0.816632 0.806516 0.006830 0.136878
0 0.706966 0.488648 0.005504 0.142682
0 0.851381 0.686293 0.005492 0.142075
0 0.895782 0.837827 0.007282 0.133749
0 0.301106 0.591174 0.005084 0.136479
0 0.769770 0.708841 0.006970 0.132374
0 0.665099 0.616522 0.006041 0.138185
0 0.239759 0.702358 0.005463 0.133315
0 0.779047 0.677654 0.006087 0.139222
0 0.548414 0.208813 0.004489 0.144905
