4 0.563932 0.317888 0.022719 0.022329
2 0.913140 0.858740 0.018019 0.023006
1 0.106108 0.419484 0.020171 0.020744
2 0.644967 0.868159 0.019031 0.023608
1 0.026810 0.253417 0.019912 0.019748
1 0.055847 0.300300 0.021249 0.020503
3 0.148165 0.936149 0.017824 0.022487
2 0.443297 0.825339 0.018859 0.024520
4 0.221040 0.308092 0.023045 0.021434
4 0.785874 0.114270 0.020980 0.021063
2 0.264297 0.834626 0.019577 0.023289
3 0.095100 0.807424 0.017741 0.022567
3 0.046093 0.676874 0.017081 0.021219
4 0.355718 0.113293 0.020890 0.019731
0 0.644113 0.759082 0.005992 0.158716
0 0.104838 0.591326 0.007176 0.304015
0 0.783859 0.220168 0.005356 0.167700
0 0.353868 0.281837 0.006866 0.303825
0 0.147727 0.760907 0.006792 0.293932
0 0.054693 0.469912 0.006749 0.296056
0 0.046074 0.502245 0.007991 0.293184
0 0.263768 0.656806 0.006449 0.286388
0 0.025235 0.420487 0.006609 0.306216
0 0.054658 0.466638 0.004641 0.291283
0 0.046504 0.492765 0.005023 0.268942
