3 66.178574 380.126831 18.093910 13.787628
2 915.415588 555.042480 18.293823 15.029663
3 444.302734 572.853149 17.362457 13.559021
1 899.132812 418.332489 19.293091 13.728149
3 873.236084 572.899170 17.236938 13.650208
1 817.825317 368.260132 19.351624 13.066040
1 768.036255 318.544189 19.995422 13.101562
3 751.802490 455.504456 17.267700 13.521545
1 115.864960 153.966644 21.045029 13.378708
3 804.922241 495.650879 16.234985 12.884857
3 201.239258 441.791138 18.661209 13.743622
1 282.842590 160.884216 21.900299 13.342728
4 602.076843 70.112686 19.765137 12.903091
0 600.888184 123.015305 4.700867 77.146660
0 65.634537 304.207825 7.059456 117.836823
0 872.040771 518.076782 6.451843 74.979553
0 200.447510 365.919678 7.838455 116.763336
0 113.782410 227.415192 5.857674 121.592468
0 804.667725 441.256622 6.724487 75.257568
0 897.852478 470.638641 5.289307 76.636475
0 818.277710 418.885712 6.211731 73.987427
0 544.903137 228.008713 5.539917 73.418793
0 767.256958 370.142151 5.316467 78.124115
0 750.989380 401.091064 7.456543 76.175140
0 282.174683 234.207458 7.155426 120.617813
5 546.310730 282.574524 34.268555 30.623718
