1 0.542177 0.607127 0.020114 0.022107
2 0.085835 0.530366 0.018552 0.021967
4 0.612537 0.467824 0.021761 0.021617
2 0.633241 0.712665 0.017552 0.021450
2 0.581774 0.743906 0.018580 0.022700
1 0.837004 0.237325 0.020533 0.023127
2 0.822384 0.459418 0.019530 0.023981
2 0.549167 0.805278 0.018318 0.022659
2 0.443347 0.648937 0.017978 0.023486
4 0.575925 0.544738 0.023581 0.022963
4 0.377887 0.142855 0.022258 0.021061
3 0.903821 0.636589 0.017346 0.021127
3 0.225093 0.936144 0.017781 0.021880
1 0.096989 0.225029 0.020747 0.021112
1 0.046570 0.114613 0.018509 0.019053
0 0.769591 0.202869 0.006202 0.132225
4 0.770715 0.113956 0.020292 0.021898
0 0.573917 0.632684 0.006236 0.129177
0 0.224333 0.790573 0.006933 0.239039
0 0.095973 0.366416 0.007280 0.241055
0 0.541206 0.693397 0.005584 0.128418
0 0.581141 0.648126 0.007437 0.116919
0 0.632773 0.619346 0.006928 0.122243
0 0.045569 0.254963 0.005932 0.241459
0 0.834980 0.326261 0.006627 0.135153
0 0.087135 0.386169 0.007560 0.229340
0 0.610937 0.556444 0.006403 0.129349
0 0.549068 0.708100 0.007628 0.116901
0 0.821441 0.364715 0.008485 0.125133
0 0.376210 0.286189 0.007276 0.241796
