2 0.144000 0.638525 0.020000 0.021311
2 0.401000 0.827049 0.022000 0.021311
2 0.644500 0.894262 0.017000 0.024590
2 0.826000 0.805738 0.020000 0.021311
4 0.745000 0.117213 0.022000 0.024590
4 0.358000 0.240984 0.024000 0.019672
1 0.162500 0.180328 0.025000 0.022951
1 0.189500 0.231967 0.017000 0.021311
1 0.242000 0.367213 0.016000 0.019672
3 0.181000 0.648361 0.018000 0.024590
3 0.229500 0.796721 0.015000 0.026230
3 0.027000 0.886066 0.018000 0.018033
3 0.281000 0.940164 0.018000 0.021311
3 0.559500 0.940984 0.015000 0.019672
1 0.607000 0.440164 0.020000 0.021311
0 0.027500 0.695902 0.007000 0.326230
0 0.112000 0.305738 0.004000 0.332787
0 0.142500 0.446721 0.005000 0.329508
0 0.160500 0.366393 0.005000 0.336066
0 0.180500 0.462295 0.007000 0.334426
0 0.188500 0.419672 0.009000 0.334426
0 0.229000 0.600000 0.006000 0.331148
0 0.240500 0.556557 0.009000 0.336066
0 0.282500 0.746721 0.007000 0.329508
0 0.355500 0.436066 0.005000 0.350820
0 0.400000 0.629508 0.010000 0.321311
0 0.559500 0.808197 0.007000 0.196721
0 0.607000 0.566393 0.006000 0.211475
0 0.644000 0.762295 0.006000 0.219672
0 0.742500 0.240164 0.005000 0.218033
0 0.824000 0.675410 0.008000 0.213115