4 0.044500 0.118033 0.021000 0.016393
4 0.444500 0.291803 0.025000 0.022951
4 0.917000 0.189344 0.024000 0.021311
1 0.261500 0.178689 0.021000 0.019672
1 0.290500 0.230328 0.021000 0.018033
1 0.340000 0.364754 0.018000 0.018033
3 0.127500 0.888525 0.021000 0.022951
3 0.330000 0.795902 0.018000 0.021311
3 0.383000 0.940984 0.018000 0.019672
3 0.605500 0.768852 0.015000 0.022951
3 0.746000 0.944262 0.016000 0.022951
2 0.833500 0.893443 0.027000 0.022951
2 0.242500 0.640164 0.021000 0.021311
3 0.281000 0.649180 0.018000 0.022951
1 0.659000 0.277049 0.024000 0.022951
1 0.792000 0.446721 0.022000 0.024590
0 0.042500 0.303279 0.003000 0.334426
0 0.127000 0.696721 0.006000 0.327869
0 0.211000 0.302459 0.006000 0.329508
0 0.242500 0.445082 0.007000 0.326230
0 0.260500 0.367213 0.005000 0.334426
0 0.280500 0.459836 0.007000 0.336066
0 0.288500 0.417213 0.005000 0.329508
0 0.329500 0.601639 0.007000 0.327869
0 0.339000 0.556557 0.006000 0.332787
0 0.382500 0.747541 0.007000 0.324590
0 0.656000 0.399180 0.006000 0.211475
0 0.604500 0.636066 0.005000 0.193443
0 0.745000 0.813115 0.008000 0.200000
0 0.829500 0.762295 0.007000 0.200000
0 0.791500 0.571311 0.007000 0.208197