4 0.077000 0.268852 0.022000 0.022951
4 0.212500 0.114754 0.019000 0.019672
4 0.865000 0.213934 0.016000 0.018033
4 0.917000 0.114754 0.022000 0.019672
2 0.122000 0.701639 0.028000 0.022951
3 0.376500 0.945082 0.019000 0.024590
3 0.557000 0.670492 0.020000 0.026230
3 0.645000 0.941803 0.016000 0.024590
1 0.445500 0.431967 0.019000 0.018033
1 0.574500 0.315574 0.023000 0.021311
1 0.711500 0.340164 0.023000 0.021311
1 0.776500 0.353279 0.019000 0.027869
2 0.743500 0.768852 0.025000 0.016393
2 0.795500 0.731148 0.021000 0.019672
2 0.880000 0.558197 0.020000 0.024590
0 0.076500 0.410656 0.005000 0.234426
0 0.121500 0.556557 0.007000 0.234426
0 0.212000 0.258197 0.008000 0.237705
0 0.376500 0.797541 0.009000 0.244262
0 0.555000 0.534426 0.006000 0.200000
0 0.573500 0.443443 0.005000 0.214754
0 0.644500 0.812295 0.009000 0.211475
0 0.710500 0.468852 0.007000 0.209836
0 0.742000 0.639344 0.004000 0.209836
0 0.772500 0.484426 0.005000 0.218033
0 0.796000 0.597541 0.012000 0.198361
0 0.807500 0.540164 0.007000 0.208197
0 0.817500 0.589344 0.007000 0.208197
0 0.864000 0.337705 0.006000 0.209836
0 0.881500 0.417213 0.009000 0.188525