2 0.864162 0.880747 0.018503 0.023353
3 0.551547 0.447311 0.018259 0.023031
3 0.135776 0.521470 0.016056 0.021007
3 0.063910 0.431018 0.016814 0.021477
3 0.249155 0.685718 0.015529 0.020055
4 0.615204 0.162659 0.020237 0.021047
1 0.583625 0.183804 0.018206 0.022802
3 0.412370 0.936530 0.018301 0.021768
1 0.073671 0.251707 0.020053 0.021106
3 0.817795 0.936078 0.017840 0.022245
4 0.913552 0.568222 0.020384 0.020717
1 0.142108 0.348406 0.019978 0.021714
1 0.850752 0.673788 0.020157 0.021918
1 0.229460 0.485787 0.018592 0.020576
1 0.254283 0.512488 0.018873 0.021257
1 0.444575 0.720830 0.018570 0.020627
2 0.595460 0.384011 0.018442 0.023344
3 0.226101 0.654528 0.015770 0.021008
0 0.550776 0.360116 0.006298 0.115741
0 0.863504 0.793400 0.005887 0.115306
0 0.816553 0.849933 0.005853 0.115218
0 0.613408 0.246465 0.005274 0.120930
0 0.411334 0.849758 0.005844 0.117454
0 0.582927 0.265348 0.005656 0.119911
0 0.848784 0.755811 0.004942 0.115610
0 0.072357 0.335210 0.006007 0.118700
0 0.595185 0.294925 0.006909 0.112614
0 0.063673 0.344616 0.006419 0.119238
