1 0.303500 0.502459 0.017000 0.018033
1 0.383500 0.645082 0.021000 0.018033
1 0.656500 0.395902 0.021000 0.021311
1 0.729500 0.587705 0.023000 0.018033
1 0.802000 0.596721 0.022000 0.016393
1 0.887500 0.646721 0.023000 0.018033
3 0.240500 0.802459 0.019000 0.018033
3 0.379500 0.831967 0.015000 0.021311
3 0.443500 0.940164 0.017000 0.021311
3 0.613000 0.717213 0.016000 0.021311
3 0.719500 0.809016 0.017000 0.014754
3 0.765500 0.906557 0.015000 0.022951
3 0.846500 0.940984 0.015000 0.022951
0 0.241500 0.709836 0.005000 0.137705
0 0.303000 0.593443 0.004000 0.147541
0 0.613500 0.613934 0.005000 0.122951
0 0.656500 0.490984 0.007000 0.136066
0 0.719500 0.713115 0.005000 0.134426
0 0.728500 0.681148 0.003000 0.139344
0 0.766500 0.807377 0.007000 0.132787
0 0.801500 0.692623 0.005000 0.142623
0 0.846500 0.843443 0.005000 0.132787
0 0.885000 0.742623 0.004000 0.140984