0 0.081500 0.524590 0.003000 0.196721
0 0.154000 0.706557 0.004000 0.177049
0 0.256000 0.446721 0.004000 0.191803
0 0.285500 0.549180 0.007000 0.127869
0 0.397500 0.236885 0.005000 0.185246
0 0.606500 0.474590 0.005000 0.185246
0 0.614500 0.500820 0.007000 0.172131
0 0.668500 0.254918 0.005000 0.185246
0 0.678500 0.299180 0.007000 0.178689
0 0.701000 0.233607 0.006000 0.185246
0 0.750500 0.468852 0.007000 0.186885
0 0.778500 0.331148 0.007000 0.186885
0 0.811000 0.485246 0.006000 0.186885
0 0.820500 0.441803 0.007000 0.185246
0 0.832000 0.490984 0.006000 0.178689
0 0.848500 0.427869 0.005000 0.170492
0 0.893000 0.623770 0.006000 0.175410
4 0.082000 0.402459 0.020000 0.021311
4 0.257000 0.324590 0.022000 0.016393
4 0.398500 0.115574 0.021000 0.024590
2 0.155500 0.829508 0.019000 0.026230
2 0.286500 0.636885 0.021000 0.024590
2 0.443000 0.473770 0.020000 0.022951
2 0.615000 0.621311 0.022000 0.019672
2 0.677500 0.411475 0.017000 0.022951
4 0.607000 0.358197 0.020000 0.021311
4 0.668500 0.139344 0.021000 0.026230
4 0.702500 0.116393 0.019000 0.019672
3 0.749500 0.577049 0.019000 0.022951
3 0.812000 0.599180 0.018000 0.021311
3 0.832000 0.609836 0.016000 0.026230
3 0.893500 0.746721 0.019000 0.021311
1 0.781000 0.214754 0.024000 0.019672
1 0.820000 0.327869 0.020000 0.026230
4 0.848000 0.315574 0.020000 0.027869
1 0.917500 0.404098 0.023000 0.024590