3 0.244921 0.876568 0.018539 0.023114
4 0.640855 0.208010 0.021994 0.021373
1 0.876313 0.579691 0.019695 0.021953
3 0.443198 0.935986 0.017101 0.022066
1 0.794600 0.361391 0.019907 0.022025
4 0.333409 0.392243 0.020780 0.020989
3 0.182812 0.766782 0.018271 0.022218
3 0.913213 0.935643 0.016918 0.022286
1 0.194225 0.495982 0.020424 0.022139
3 0.530255 0.841104 0.015479 0.021079
2 0.663325 0.509048 0.020112 0.024345
3 0.861551 0.841344 0.017498 0.022132
3 0.105137 0.566767 0.016580 0.021451
3 0.782180 0.613581 0.017810 0.021692
1 0.108495 0.319801 0.018931 0.020825
4 0.710668 0.114058 0.018610 0.020149
0 0.793000 0.462698 0.005807 0.160530
1 0.029156 0.114914 0.019181 0.018042
0 0.332295 0.515651 0.005700 0.200001
0 0.193257 0.614294 0.006406 0.194569
0 0.182231 0.642455 0.007264 0.191919
0 0.028097 0.235420 0.004978 0.200733
0 0.244075 0.752293 0.006440 0.194905
0 0.529234 0.733375 0.005928 0.150270
0 0.639087 0.311848 0.005958 0.162087
0 0.860935 0.734697 0.007054 0.152785
0 0.662776 0.400733 0.006172 0.150874
0 0.708905 0.215668 0.005293 0.160766
0 0.781927 0.507241 0.007613 0.151956
