4 0.085500 0.164754 0.027000 0.021311
4 0.160500 0.118033 0.025000 0.019672
4 0.571000 0.117213 0.022000 0.021311
4 0.836000 0.250820 0.022000 0.019672
2 0.113000 0.484426 0.016000 0.021311
2 0.357500 0.444262 0.019000 0.022951
2 0.634000 0.719672 0.014000 0.026230
2 0.728500 0.645082 0.019000 0.021311
3 0.245000 0.590984 0.018000 0.021311
3 0.445500 0.538525 0.017000 0.024590
3 0.396500 0.449180 0.015000 0.022951
3 0.781500 0.732787 0.017000 0.026230
3 0.915000 0.904098 0.018000 0.024590
1 0.376000 0.150820 0.020000 0.019672
1 0.406500 0.184426 0.023000 0.021311
1 0.690000 0.189344 0.022000 0.018033
1 0.749500 0.299180 0.021000 0.021311
0 0.083500 0.289344 0.005000 0.198361
0 0.112500 0.360656 0.007000 0.196721
0 0.158500 0.238525 0.005000 0.198361
0 0.243000 0.463115 0.006000 0.188525
0 0.327500 0.239344 0.007000 0.200000
0 0.357500 0.318852 0.005000 0.195082
0 0.375000 0.274590 0.004000 0.195082
0 0.395500 0.324590 0.007000 0.193443
0 0.403000 0.304918 0.006000 0.200000
0 0.566500 0.242623 0.003000 0.203279
0 0.635500 0.589344 0.007000 0.195082
0 0.689000 0.315574 0.006000 0.211475
0 0.729000 0.520492 0.004000 0.204918
0 0.747500 0.423770 0.005000 0.204918
0 0.782500 0.609836 0.005000 0.209836
0 0.835500 0.377869 0.009000 0.204918