4 0.334500 0.394262 0.023000 0.021311
4 0.634000 0.209836 0.024000 0.022951
4 0.703500 0.115574 0.023000 0.018033
1 0.107500 0.322951 0.021000 0.019672
1 0.029000 0.117213 0.020000 0.021311
1 0.196500 0.500000 0.023000 0.022951
1 0.788000 0.364754 0.022000 0.021311
1 0.870000 0.584426 0.020000 0.024590
1 0.914000 0.709016 0.020000 0.021311
3 0.106000 0.572131 0.014000 0.022951
3 0.184000 0.772131 0.014000 0.022951
3 0.246500 0.881148 0.019000 0.021311
3 0.444500 0.941803 0.017000 0.024590
2 0.658000 0.511475 0.022000 0.029508
3 0.776500 0.618033 0.019000 0.022951
3 0.856000 0.847541 0.018000 0.022951
3 0.907500 0.940164 0.017000 0.024590
0 0.028500 0.235246 0.005000 0.191803
0 0.183500 0.643443 0.007000 0.191803
0 0.194500 0.622951 0.009000 0.196721
0 0.245000 0.754098 0.006000 0.196721
0 0.335000 0.515574 0.008000 0.198361
0 0.633500 0.317213 0.007000 0.162295
0 0.656000 0.402459 0.006000 0.149180
0 0.703000 0.216393 0.006000 0.163934
0 0.776500 0.511475 0.009000 0.157377
0 0.786500 0.464754 0.007000 0.162295
0 0.855000 0.739344 0.006000 0.150820
0 0.868500 0.685246 0.005000 0.157377
0 0.906500 0.833607 0.005000 0.152459