1 0.443513 0.529858 0.019930 0.021849
1 0.620059 0.228140 0.021159 0.022516
2 0.295301 0.752425 0.019681 0.024218
1 0.913594 0.475212 0.021346 0.022230
2 0.679828 0.661695 0.019971 0.025282
1 0.333633 0.329670 0.020826 0.021803
1 0.699755 0.380777 0.022441 0.023972
3 0.416380 0.913868 0.018106 0.021586
3 0.731218 0.718706 0.018657 0.022880
3 0.544714 0.737181 0.017892 0.022705
1 0.769101 0.418954 0.022874 0.023689
3 0.845248 0.935832 0.016915 0.022324
4 0.196824 0.113877 0.020911 0.021281
3 0.044266 0.936091 0.017823 0.021666
0 0.043454 0.785295 0.007289 0.247280
0 0.543867 0.629432 0.007825 0.157548
0 0.697223 0.483442 0.006883 0.161427
0 0.332570 0.477426 0.006802 0.253080
0 0.416027 0.762610 0.008360 0.251510
0 0.732347 0.616173 0.007647 0.143928
0 0.294956 0.601691 0.006618 0.245163
0 0.195277 0.261152 0.006636 0.251173
0 0.767101 0.522482 0.006916 0.163126
0 0.618222 0.331792 0.006429 0.159373
0 0.679096 0.553705 0.008057 0.153950
0 0.844631 0.829569 0.006989 0.156656
