3 0.835576 0.936117 0.017103 0.022660
2 0.913058 0.857997 0.017477 0.022932
1 0.300866 0.415953 0.020010 0.020684
3 0.198234 0.751548 0.018474 0.023324
2 0.862134 0.928628 0.017717 0.022730
1 0.401771 0.618055 0.020192 0.021008
2 0.275702 0.682280 0.019578 0.022577
1 0.251852 0.405497 0.020583 0.021450
3 0.443176 0.936117 0.017800 0.022273
1 0.757218 0.446290 0.019422 0.021515
3 0.712333 0.805567 0.017282 0.022206
4 0.902181 0.620534 0.021985 0.021005
3 0.392508 0.857178 0.017104 0.021594
1 0.850217 0.690245 0.019069 0.021346
4 0.579996 0.113718 0.018997 0.019153
4 0.024780 0.114020 0.019851 0.018727
0 0.023641 0.223283 0.005277 0.172810
0 0.835597 0.834818 0.006032 0.141023
0 0.277057 0.571323 0.006817 0.167677
0 0.578819 0.211091 0.004888 0.151295
2 0.531397 0.490917 0.017419 0.024402
0 0.197530 0.637346 0.006912 0.171055
0 0.900719 0.719358 0.005375 0.148611
0 0.391943 0.745273 0.005715 0.169114
0 0.711796 0.705703 0.005719 0.144821
0 0.848914 0.787858 0.004612 0.150796
0 0.529229 0.388721 0.006450 0.139913
0 0.861234 0.827156 0.005755 0.144145
0 0.755397 0.542814 0.004557 0.148974
0 0.400032 0.728978 0.006375 0.172819
0 0.298865 0.526913 0.005844 0.174426
