0 0.046500 0.496721 0.003000 0.222951
0 0.075000 0.612295 0.006000 0.145902
0 0.187500 0.248361 0.005000 0.218033
0 0.234000 0.380328 0.006000 0.209836
0 0.279000 0.254918 0.004000 0.224590
0 0.378000 0.563934 0.006000 0.222951
0 0.426500 0.412295 0.003000 0.214754
0 0.564500 0.218033 0.003000 0.157377
0 0.696000 0.790984 0.006000 0.165574
0 0.730500 0.636066 0.005000 0.160656
0 0.776000 0.822131 0.006000 0.155738
0 0.862000 0.455738 0.004000 0.170492
4 0.046000 0.360656 0.016000 0.016393
4 0.187500 0.115574 0.017000 0.018033
4 0.566000 0.115574 0.020000 0.018033
4 0.864000 0.350000 0.016000 0.018033
2 0.235000 0.524590 0.018000 0.019672
1 0.280000 0.121311 0.020000 0.019672
1 0.427000 0.280328 0.020000 0.019672
1 0.731000 0.530328 0.018000 0.021311
3 0.378000 0.695902 0.016000 0.021311
2 0.445000 0.599180 0.018000 0.024590
3 0.695500 0.901639 0.015000 0.026230
3 0.776000 0.940984 0.016000 0.019672
2 0.917000 0.798361 0.018000 0.022951
2 0.075000 0.715574 0.016000 0.021311