3 444.140991 572.688232 17.096039 12.895569
1 153.145203 166.666412 20.734558 12.536163
3 914.907166 572.456299 15.651367 12.790344
3 861.238220 524.399902 17.959717 13.912720
1 320.939850 174.929581 21.716431 13.374847
3 238.986511 492.934326 18.332779 13.550171
1 562.712158 124.109886 21.029236 12.709885
1 625.833984 140.017151 20.759583 13.362534
1 878.144104 367.030548 18.931396 12.420532
2 594.545898 318.483398 19.315247 14.217712
3 104.183823 421.798645 17.955513 13.595856
4 711.910767 70.028946 19.702698 12.805626
0 710.865234 129.984329 5.048645 92.324554
0 237.788498 408.519165 6.896820 133.544189
0 151.819275 248.012299 6.357788 137.258286
0 626.957397 196.427902 5.977417 89.448578
0 319.515015 256.602112 6.551971 137.194000
0 103.313324 337.821045 7.014450 134.367340
0 860.777832 462.118011 7.112488 89.134705
0 876.616455 427.368927 5.932312 92.772827
0 655.010315 255.808151 7.096680 87.513702
0 561.177246 183.883148 6.320984 93.371918
0 594.376587 255.535172 7.347107 88.368988
5 657.361633 317.444458 39.475830 31.425110
