4 0.050500 0.120492 0.025000 0.024590
4 0.446000 0.125410 0.022000 0.027869
4 0.682500 0.300820 0.025000 0.027869
4 0.841500 0.189344 0.021000 0.024590
4 0.911500 0.117213 0.021000 0.027869
2 0.149500 0.756557 0.019000 0.027869
2 0.378000 0.647541 0.022000 0.029508
2 0.709500 0.578689 0.021000 0.029508
2 0.866500 0.439344 0.021000 0.032787
2 0.916500 0.321311 0.017000 0.026230
1 0.186500 0.329508 0.023000 0.022951
1 0.728000 0.365574 0.026000 0.026230
4 0.362000 0.298361 0.030000 0.019672
3 0.269500 0.920492 0.023000 0.027869
3 0.758000 0.659836 0.022000 0.021311
0 0.048000 0.261475 0.006000 0.247541
0 0.149000 0.609016 0.008000 0.254098
0 0.184000 0.481148 0.006000 0.250820
0 0.269000 0.763115 0.006000 0.237705
0 0.361000 0.443443 0.006000 0.254098
0 0.377500 0.491803 0.009000 0.236066
0 0.543000 0.840164 0.006000 0.122951
0 0.682000 0.393443 0.008000 0.140984
0 0.712500 0.484426 0.009000 0.119672
0 0.723500 0.454918 0.007000 0.126230
0 0.755500 0.563934 0.009000 0.134426
0 0.843000 0.273770 0.012000 0.121311
0 0.866500 0.350820 0.007000 0.150820
0 0.908500 0.197541 0.009000 0.119672