1 0.582716 0.313137 0.021531 0.023135
4 0.038373 0.416048 0.022075 0.021733
4 0.189608 0.166657 0.022600 0.022089
1 0.783333 0.440201 0.021960 0.023897
2 0.910729 0.339846 0.018697 0.022708
2 0.046170 0.613415 0.019457 0.022734
2 0.231525 0.425492 0.020427 0.023932
4 0.443487 0.112352 0.020017 0.019149
1 0.254491 0.204485 0.022248 0.022284
2 0.611826 0.627975 0.021048 0.026263
3 0.324063 0.515240 0.019604 0.023388
1 0.619838 0.404166 0.021558 0.023555
3 0.705975 0.936281 0.017926 0.022268
4 0.904402 0.113296 0.022159 0.021229
2 0.796501 0.691805 0.020116 0.024431
0 0.323753 0.421692 0.006560 0.133760
0 0.902515 0.214620 0.007104 0.155024
0 0.230924 0.329709 0.006438 0.132258
0 0.252435 0.295063 0.005450 0.136726
0 0.580773 0.412948 0.005782 0.154890
0 0.046378 0.516202 0.007803 0.133009
0 0.704743 0.833323 0.006924 0.150217
0 0.611448 0.524966 0.007405 0.142408
0 0.798401 0.593663 0.006884 0.140309
0 0.036796 0.506691 0.006903 0.136550
0 0.618659 0.502805 0.006337 0.152278
0 0.188688 0.258011 0.006465 0.138467
