4 0.122500 0.268852 0.019000 0.022951
4 0.257500 0.116393 0.021000 0.019672
4 0.578000 0.118852 0.024000 0.027869
3 0.047000 0.777869 0.022000 0.024590
3 0.419000 0.940164 0.020000 0.021311
3 0.766000 0.780328 0.022000 0.026230
3 0.855000 0.939344 0.020000 0.022951
1 0.722000 0.466393 0.018000 0.021311
1 0.784000 0.549180 0.024000 0.029508
1 0.918500 0.577869 0.021000 0.027869
1 0.445500 0.577869 0.021000 0.024590
2 0.165500 0.700000 0.023000 0.019672
2 0.706000 0.691803 0.020000 0.026230
0 0.047500 0.629508 0.007000 0.236066
0 0.121000 0.415574 0.004000 0.240984
0 0.165000 0.554918 0.006000 0.234426
0 0.255500 0.256557 0.005000 0.237705
0 0.420000 0.797541 0.006000 0.240984
0 0.576500 0.201639 0.005000 0.127869
0 0.705000 0.601639 0.006000 0.124590
0 0.720500 0.550820 0.005000 0.124590
0 0.765500 0.686066 0.007000 0.116393
0 0.784000 0.634426 0.006000 0.131148
0 0.855000 0.850820 0.006000 0.121311