3 0.120500 0.942623 0.019000 0.019672
3 0.719000 0.940984 0.022000 0.022951
3 0.905000 0.923770 0.024000 0.021311
1 0.794000 0.400820 0.020000 0.024590
1 0.873500 0.561475 0.023000 0.021311
1 0.607500 0.278689 0.025000 0.026230
4 0.273500 0.112295 0.025000 0.018033
4 0.541000 0.115574 0.022000 0.018033
1 0.411000 0.332787 0.022000 0.019672
2 0.374500 0.756557 0.023000 0.027869
2 0.443000 0.740164 0.022000 0.021311
2 0.590000 0.553279 0.018000 0.021311
2 0.856000 0.861475 0.022000 0.027869
0 0.119500 0.790164 0.011000 0.242623
0 0.272000 0.263115 0.008000 0.254098
0 0.371000 0.608197 0.008000 0.252459
0 0.409500 0.476230 0.007000 0.250820
0 0.538500 0.222131 0.005000 0.165574
0 0.591000 0.443443 0.008000 0.162295
0 0.604500 0.385246 0.007000 0.170492
0 0.717500 0.827049 0.009000 0.168852
0 0.792500 0.510656 0.007000 0.168852
0 0.853500 0.745082 0.009000 0.165574
0 0.871500 0.671311 0.007000 0.168852
0 0.906500 0.817213 0.007000 0.165574