3 0.333459 0.506171 0.019832 0.023967
1 0.263395 0.189362 0.021000 0.021997
1 0.801750 0.418183 0.022080 0.022933
1 0.601400 0.284947 0.020529 0.022882
2 0.055174 0.605708 0.019944 0.022852
4 0.198804 0.151161 0.021506 0.021351
4 0.913038 0.112802 0.019779 0.019933
2 0.240578 0.413750 0.019908 0.023832
3 0.724245 0.936157 0.017974 0.021949
2 0.630874 0.612691 0.020287 0.025494
4 0.046841 0.405118 0.022303 0.021018
2 0.541911 0.727702 0.019236 0.023848
1 0.638358 0.380599 0.021268 0.022768
2 0.815284 0.679874 0.019833 0.025502
4 0.443566 0.112928 0.020785 0.020066
0 0.816650 0.575665 0.006661 0.143921
0 0.541493 0.619409 0.007140 0.152378
0 0.332455 0.411186 0.006222 0.137448
0 0.800009 0.520179 0.005889 0.160455
0 0.722878 0.828702 0.006591 0.155606
0 0.261311 0.281743 0.005691 0.137729
0 0.629924 0.506375 0.007163 0.149887
0 0.636913 0.479712 0.006564 0.154501
0 0.054789 0.510267 0.007356 0.129976
0 0.599277 0.387711 0.005861 0.158060
0 0.240049 0.318357 0.006902 0.134260
0 0.197327 0.244427 0.005460 0.138361
0 0.045607 0.497400 0.006732 0.141688
