1 267.807892 298.752533 19.297607 12.497314
1 620.763916 236.571350 20.296814 12.994080
4 868.927063 279.275024 20.323730 12.693878
3 658.319824 500.545654 18.055359 13.999451
3 821.837769 572.447388 16.042664 12.732910
1 693.294739 243.573669 19.471191 12.152969
1 347.403381 381.878906 19.690338 12.834686
3 421.540466 572.365234 17.369171 12.892273
1 433.030090 452.711121 19.657928 12.452728
1 777.673706 286.895081 19.206299 12.409668
3 343.896423 492.557373 15.887268 12.829071
3 736.951416 529.536682 16.919617 13.057251
3 205.296143 475.731720 16.832840 13.308044
3 610.494263 413.842407 16.290710 13.270020
0 867.342163 354.363464 5.501770 120.481110
0 421.537018 516.212280 5.931396 77.370056
1 548.774780 70.868126 18.514832 10.829163
0 547.413513 144.539566 4.187622 123.718605
0 736.590576 452.866516 6.157166 117.838959
0 692.155518 318.501587 5.265503 123.427734
0 619.479675 309.045441 6.078369 119.249390
0 776.030762 361.863708 5.404968 122.525574
0 205.072006 419.336609 6.100525 79.740143
0 820.923889 495.835632 6.589600 118.510254
0 431.907104 507.448425 5.667572 78.852173
0 610.641968 338.138611 6.339294 117.822174
0 267.130127 353.692505 4.929016 83.666779
0 657.433350 423.829956 6.854431 119.355652
0 514.208130 140.574921 4.975647 141.252151
5 917.723511 570.895630 40.883057 30.563416
