0 0.083500 0.519672 0.007000 0.134426
0 0.137000 0.427049 0.006000 0.136066
0 0.162500 0.470492 0.009000 0.127869
0 0.183500 0.435246 0.005000 0.139344
0 0.277500 0.597541 0.005000 0.126230
0 0.286500 0.586066 0.007000 0.132787
0 0.557000 0.224590 0.006000 0.170492
0 0.610500 0.450000 0.005000 0.162295
0 0.639500 0.331967 0.007000 0.165574
0 0.669500 0.450000 0.007000 0.155738
0 0.709500 0.295902 0.007000 0.175410
0 0.845500 0.827869 0.007000 0.160656
0 0.883000 0.674590 0.006000 0.165574
3 0.084000 0.613115 0.020000 0.026230
3 0.279500 0.689344 0.017000 0.018033
3 0.351000 0.794262 0.020000 0.031148
3 0.441000 0.940164 0.020000 0.024590
3 0.845500 0.942623 0.015000 0.026230
1 0.138000 0.336066 0.022000 0.022951
1 0.187000 0.346721 0.020000 0.021311
1 0.287500 0.498361 0.021000 0.019672
1 0.357000 0.606557 0.020000 0.026230
1 0.444500 0.759836 0.021000 0.024590
1 0.639000 0.224590 0.018000 0.019672
4 0.558000 0.112295 0.018000 0.018033
4 0.709000 0.186066 0.020000 0.021311
1 0.883500 0.568033 0.023000 0.021311
3 0.611000 0.560656 0.018000 0.019672
3 0.670500 0.573770 0.019000 0.022951
2 0.916000 0.920492 0.018000 0.027869
2 0.161500 0.559016 0.017000 0.022951