1 0.122000 0.126230 0.018000 0.019672
1 0.570000 0.202459 0.018000 0.018033
1 0.653000 0.289344 0.024000 0.018033
1 0.705500 0.359016 0.015000 0.022951
1 0.917000 0.455738 0.020000 0.022951
3 0.039500 0.516393 0.017000 0.019672
3 0.392500 0.942623 0.017000 0.019672
3 0.557000 0.421311 0.016000 0.019672
3 0.626000 0.554098 0.016000 0.022951
3 0.690000 0.595082 0.018000 0.016393
3 0.824500 0.941803 0.013000 0.018033
1 0.444000 0.613934 0.016000 0.018033
0 0.039500 0.407377 0.005000 0.152459
0 0.121500 0.229508 0.005000 0.163934
0 0.391500 0.829508 0.007000 0.157377
0 0.558000 0.327869 0.004000 0.127869
0 0.571500 0.286885 0.005000 0.127869
0 0.627000 0.458197 0.008000 0.129508
0 0.651000 0.379508 0.006000 0.136066
0 0.689000 0.502459 0.006000 0.129508
0 0.705500 0.450820 0.005000 0.137705
0 0.824500 0.850000 0.005000 0.126230