4 0.118000 0.271311 0.022000 0.021311
4 0.252500 0.116393 0.021000 0.019672
1 0.590000 0.470492 0.018000 0.022951
1 0.654000 0.548361 0.018000 0.024590
1 0.789000 0.564754 0.020000 0.021311
1 0.443500 0.567213 0.023000 0.022951
1 0.852500 0.573770 0.021000 0.022951
1 0.917000 0.580328 0.018000 0.022951
2 0.574500 0.692623 0.023000 0.024590
2 0.823500 0.840164 0.019000 0.027869
2 0.876500 0.813934 0.019000 0.021311
2 0.161000 0.699180 0.022000 0.027869
3 0.636000 0.779508 0.018000 0.024590
3 0.725500 0.944262 0.021000 0.029508
3 0.046000 0.778689 0.022000 0.026230
3 0.416500 0.943443 0.019000 0.027869
0 0.043500 0.630328 0.007000 0.227869
0 0.117000 0.413934 0.008000 0.244262
0 0.160500 0.558197 0.005000 0.240984
0 0.251500 0.258197 0.005000 0.237705
0 0.416000 0.799180 0.008000 0.240984
0 0.574000 0.600000 0.006000 0.118033
0 0.590000 0.553279 0.004000 0.126230
0 0.635500 0.686066 0.007000 0.116393
0 0.654000 0.634426 0.006000 0.124590
0 0.723500 0.850820 0.007000 0.124590
0 0.789000 0.652459 0.006000 0.127869
0 0.822500 0.749180 0.005000 0.127869
0 0.853000 0.658197 0.004000 0.132787
0 0.876000 0.732787 0.004000 0.111475
0 0.887500 0.695082 0.005000 0.131148
0 0.897000 0.725410 0.006000 0.122951