1 0.549763 0.382261 0.019039 0.020330
2 0.910885 0.423741 0.018380 0.023475
3 0.110445 0.700039 0.018345 0.023444
2 0.805967 0.850742 0.018729 0.024563
3 0.658516 0.887499 0.016652 0.020828
1 0.682299 0.517241 0.020552 0.021578
4 0.768775 0.406128 0.021670 0.021208
4 0.198935 0.190402 0.021096 0.020179
1 0.059973 0.300495 0.020828 0.021842
1 0.624481 0.456229 0.020690 0.021601
3 0.368091 0.936647 0.016615 0.021845
3 0.048184 0.583553 0.017651 0.021995
1 0.443651 0.479678 0.019204 0.021051
3 0.593503 0.863502 0.016458 0.020973
3 0.714764 0.936355 0.016989 0.021885
4 0.900002 0.113414 0.022225 0.021986
3 0.534537 0.704454 0.016249 0.022088
0 0.058788 0.427108 0.006390 0.209161
0 0.714291 0.807259 0.005966 0.199282
0 0.898391 0.239690 0.006140 0.204457
0 0.548360 0.508084 0.004586 0.203410
0 0.534224 0.576039 0.005866 0.194976
0 0.804826 0.720012 0.006600 0.195847
0 0.109801 0.568551 0.006805 0.205138
0 0.367674 0.807198 0.005946 0.205236
0 0.048002 0.455552 0.006867 0.203120
0 0.622917 0.580520 0.005496 0.206699
0 0.197350 0.316933 0.005935 0.208999
0 0.657775 0.759003 0.006071 0.201689
0 0.681147 0.641975 0.005301 0.206986
0 0.767655 0.531748 0.005321 0.206735
