3 0.443069 0.913394 0.017680 0.022400
1 0.676748 0.228526 0.022051 0.023217
3 0.600640 0.737107 0.018391 0.023517
1 0.755420 0.380805 0.022230 0.024651
2 0.321803 0.752295 0.019174 0.025538
2 0.735689 0.661454 0.020172 0.025851
1 0.825567 0.418857 0.021883 0.023771
1 0.359975 0.329720 0.021652 0.021390
3 0.787584 0.718775 0.017625 0.022178
4 0.223404 0.114026 0.020877 0.020776
3 0.070355 0.935557 0.017247 0.021264
3 0.901013 0.935930 0.016483 0.022360
0 0.753126 0.483683 0.007238 0.159985
0 0.222218 0.262150 0.007127 0.252959
0 0.674334 0.331736 0.006754 0.162837
0 0.823416 0.520079 0.006345 0.157818
0 0.900783 0.830722 0.006626 0.157874
1 0.910305 0.693504 0.019530 0.022613
0 0.069582 0.787398 0.006484 0.244396
0 0.735266 0.552288 0.008934 0.154621
0 0.788904 0.616943 0.006901 0.147461
0 0.358861 0.474804 0.006337 0.249241
0 0.600067 0.630959 0.007578 0.156548
0 0.321109 0.599788 0.006675 0.243046
