0 0.066000 0.500820 0.006000 0.198361
0 0.114000 0.372131 0.006000 0.193443
0 0.201000 0.602459 0.008000 0.191803
0 0.282500 0.389344 0.007000 0.204918
0 0.559000 0.295082 0.006000 0.127869
0 0.588000 0.374590 0.004000 0.122951
0 0.794000 0.657377 0.006000 0.124590
0 0.810000 0.611475 0.006000 0.131148
0 0.847500 0.727049 0.005000 0.126230
0 0.860500 0.688525 0.005000 0.121311
1 0.115000 0.254098 0.024000 0.022951
1 0.284500 0.268033 0.021000 0.021311
1 0.559000 0.213934 0.020000 0.021311
1 0.811000 0.524590 0.020000 0.022951
1 0.860500 0.608197 0.023000 0.026230
4 0.644000 0.116393 0.020000 0.016393
3 0.066500 0.624590 0.021000 0.019672
3 0.201000 0.724590 0.022000 0.022951
3 0.445500 0.940984 0.019000 0.026230
3 0.795000 0.750000 0.016000 0.031148
3 0.849500 0.817213 0.019000 0.027869
3 0.917500 0.940164 0.019000 0.021311