3 0.152500 0.890984 0.019000 0.024590
3 0.305000 0.650820 0.016000 0.019672
3 0.355000 0.798361 0.016000 0.022951
3 0.408000 0.943443 0.020000 0.021311
3 0.632000 0.769672 0.020000 0.024590
3 0.771000 0.941803 0.016000 0.024590
4 0.069500 0.118852 0.023000 0.024590
4 0.555000 0.116393 0.022000 0.019672
4 0.917000 0.322951 0.020000 0.022951
1 0.287000 0.178689 0.022000 0.022951
1 0.315000 0.231148 0.024000 0.019672
1 0.366500 0.367213 0.025000 0.019672
1 0.445500 0.407377 0.027000 0.018033
2 0.022000 0.712295 0.022000 0.021311
2 0.267500 0.639344 0.019000 0.019672
2 0.856000 0.893443 0.020000 0.022951
0 0.022500 0.518852 0.007000 0.319672
0 0.067500 0.303279 0.005000 0.327869
0 0.152000 0.694262 0.008000 0.322951
0 0.236000 0.304098 0.006000 0.332787
0 0.267500 0.446721 0.009000 0.332787
0 0.285000 0.369672 0.008000 0.339344
0 0.304000 0.458197 0.008000 0.329508
0 0.313500 0.421311 0.007000 0.340984
0 0.354000 0.607377 0.008000 0.339344
0 0.364000 0.553279 0.004000 0.332787
0 0.406000 0.744262 0.006000 0.318033
0 0.552500 0.238525 0.005000 0.204918
0 0.631500 0.640164 0.009000 0.211475
0 0.681500 0.400000 0.005000 0.209836
0 0.770500 0.811475 0.007000 0.203279
0 0.817000 0.571311 0.004000 0.195082
0 0.855000 0.761475 0.006000 0.198361
1 0.684500 0.277869 0.019000 0.024590
1 0.820000 0.449180 0.022000 0.019672