3 0.053000 0.822951 0.020000 0.022951
3 0.364500 0.940984 0.017000 0.019672
3 0.715500 0.943443 0.015000 0.024590
4 0.191000 0.114754 0.020000 0.022951
1 0.546500 0.116393 0.021000 0.016393
3 0.528500 0.368852 0.013000 0.022951
1 0.418000 0.504098 0.024000 0.024590
1 0.914000 0.531967 0.020000 0.018033
1 0.816000 0.409016 0.022000 0.018033
2 0.442500 0.850820 0.021000 0.022951
2 0.877000 0.827869 0.022000 0.022951
0 0.052500 0.684426 0.007000 0.218033
0 0.189000 0.250000 0.006000 0.218033
0 0.365500 0.802459 0.007000 0.221311
0 0.417000 0.643443 0.006000 0.218033
0 0.542500 0.212295 0.005000 0.145902
0 0.714500 0.839344 0.007000 0.137705
0 0.814000 0.506557 0.006000 0.144262
0 0.878500 0.733607 0.007000 0.129508