0 0.043500 0.629508 0.007000 0.226230
0 0.117000 0.413115 0.008000 0.242623
0 0.160500 0.550000 0.005000 0.231148
0 0.251500 0.254918 0.005000 0.237705
0 0.414500 0.800000 0.005000 0.242623
0 0.614000 0.599180 0.006000 0.122951
0 0.630500 0.555738 0.007000 0.134426
0 0.675500 0.686066 0.007000 0.126230
0 0.693500 0.633607 0.007000 0.126230
0 0.764000 0.846721 0.006000 0.126230
0 0.829000 0.651639 0.004000 0.132787
0 0.863000 0.746721 0.006000 0.126230
0 0.892500 0.656557 0.005000 0.126230
4 0.118000 0.270492 0.026000 0.029508
4 0.252000 0.115574 0.026000 0.027869
1 0.632000 0.468852 0.026000 0.022951
1 0.695500 0.551639 0.025000 0.024590
1 0.830500 0.565574 0.021000 0.022951
1 0.895000 0.572951 0.028000 0.018033
3 0.044000 0.777049 0.016000 0.022951
2 0.161500 0.700820 0.019000 0.024590
3 0.416000 0.942623 0.022000 0.022951
3 0.676000 0.780328 0.022000 0.022951
1 0.446000 0.564754 0.020000 0.021311
2 0.616000 0.694262 0.018000 0.024590
2 0.861000 0.837705 0.014000 0.019672
2 0.917500 0.816393 0.019000 0.026230
3 0.763500 0.940164 0.017000 0.024590