0 0.103500 0.667213 0.009000 0.213115
0 0.141500 0.559016 0.007000 0.213115
0 0.225000 0.804098 0.006000 0.204918
0 0.318500 0.530328 0.009000 0.214754
0 0.333500 0.570492 0.007000 0.206557
0 0.549500 0.480328 0.005000 0.114754
0 0.581500 0.562295 0.009000 0.104918
0 0.593000 0.538525 0.006000 0.116393
0 0.625500 0.624590 0.007000 0.108197
0 0.712000 0.384426 0.008000 0.103279
0 0.736000 0.439344 0.006000 0.101639
0 0.778000 0.330328 0.008000 0.116393
0 0.803000 0.394262 0.008000 0.100000
0 0.850500 0.270492 0.009000 0.108197
0 0.869000 0.314754 0.010000 0.098361
1 0.143000 0.429508 0.022000 0.026230
4 0.320500 0.400820 0.025000 0.018033
4 0.446000 0.118033 0.024000 0.026230
2 0.105000 0.805738 0.020000 0.021311
3 0.225500 0.942623 0.019000 0.022951
2 0.335000 0.704918 0.018000 0.022951
4 0.553500 0.404098 0.019000 0.021311
4 0.709500 0.306557 0.017000 0.019672
4 0.779000 0.248361 0.024000 0.021311
4 0.854500 0.190984 0.027000 0.024590
4 0.916000 0.116393 0.018000 0.022951
1 0.595500 0.456557 0.019000 0.024590
2 0.580000 0.642623 0.020000 0.022951
2 0.735500 0.528689 0.017000 0.018033
2 0.869000 0.403279 0.018000 0.022951
2 0.803000 0.479508 0.018000 0.021311
3 0.626500 0.710656 0.019000 0.027869