1 0.232000 0.390164 0.020000 0.019672
1 0.281000 0.402459 0.018000 0.021311
1 0.670500 0.418852 0.017000 0.021311
1 0.763500 0.642623 0.017000 0.019672
1 0.898000 0.665574 0.022000 0.026230
2 0.256000 0.656557 0.020000 0.024590
2 0.776000 0.863934 0.018000 0.022951
2 0.916000 0.901639 0.022000 0.026230
4 0.817500 0.577869 0.019000 0.021311
3 0.178000 0.722951 0.018000 0.022951
3 0.375000 0.823770 0.018000 0.027869
3 0.444000 0.940164 0.016000 0.021311
3 0.626500 0.751639 0.019000 0.027869
3 0.750500 0.871311 0.015000 0.021311
3 0.869500 0.940984 0.019000 0.022951
1 0.383000 0.593443 0.022000 0.026230
0 0.178500 0.611475 0.007000 0.157377
0 0.231500 0.495902 0.005000 0.165574
0 0.258000 0.547541 0.006000 0.150820
0 0.280500 0.507377 0.005000 0.168852
0 0.373500 0.704098 0.007000 0.155738
0 0.381500 0.696721 0.003000 0.173770
0 0.624500 0.653279 0.005000 0.129508
0 0.670000 0.506557 0.006000 0.134426
0 0.750000 0.769672 0.006000 0.122951
0 0.763500 0.731967 0.005000 0.145902
0 0.776000 0.769672 0.008000 0.142623
0 0.815000 0.670492 0.006000 0.140984
0 0.869500 0.846721 0.007000 0.132787
0 0.897000 0.754918 0.004000 0.136066