4 0.030000 0.163934 0.020000 0.019672
4 0.106500 0.115574 0.021000 0.021311
4 0.679500 0.172951 0.023000 0.021311
1 0.809000 0.322951 0.020000 0.019672
1 0.916500 0.617213 0.021000 0.021311
1 0.592500 0.218033 0.019000 0.022951
1 0.533000 0.117213 0.022000 0.021311
1 0.403500 0.264754 0.023000 0.018033
1 0.352000 0.184426 0.022000 0.014754
1 0.322000 0.153279 0.018000 0.024590
2 0.059000 0.488525 0.020000 0.022951
2 0.305000 0.446721 0.020000 0.021311
2 0.573000 0.545082 0.022000 0.021311
3 0.190000 0.591803 0.018000 0.019672
3 0.391000 0.537705 0.020000 0.022951
3 0.342000 0.449180 0.016000 0.019672
3 0.446000 0.623770 0.024000 0.024590
3 0.626500 0.624590 0.017000 0.016393
3 0.756500 0.784426 0.017000 0.021311
3 0.898000 0.940164 0.016000 0.021311
0 0.030000 0.290164 0.004000 0.196721
0 0.059500 0.362295 0.007000 0.193443
0 0.105500 0.240164 0.005000 0.201639
0 0.189000 0.467213 0.006000 0.193443
0 0.273000 0.240984 0.004000 0.203279
0 0.305000 0.317213 0.006000 0.191803
0 0.323000 0.276230 0.006000 0.201639
0 0.342000 0.324590 0.006000 0.190164
0 0.351500 0.306557 0.007000 0.200000
0 0.391500 0.407377 0.007000 0.198361
0 0.401500 0.382787 0.005000 0.195082
0 0.531000 0.234426 0.004000 0.190164
0 0.571500 0.421311 0.007000 0.183607
0 0.590000 0.336066 0.008000 0.186885
0 0.625000 0.501639 0.006000 0.183607
0 0.678500 0.291803 0.005000 0.186885
0 0.757000 0.664754 0.008000 0.198361
0 0.808000 0.436885 0.006000 0.188525
0 0.896500 0.815574 0.005000 0.181967