0 0.136500 0.481148 0.005000 0.149180
0 0.145500 0.495082 0.005000 0.137705
0 0.290000 0.211475 0.008000 0.150820
0 0.331000 0.295082 0.008000 0.147541
0 0.353000 0.247541 0.004000 0.144262
0 0.424500 0.386885 0.007000 0.144262
0 0.597000 0.211475 0.004000 0.144262
0 0.677000 0.512295 0.004000 0.149180
0 0.735500 0.292623 0.005000 0.152459
0 0.765000 0.402459 0.004000 0.145902
0 0.773000 0.383607 0.006000 0.154098
0 0.859500 0.703279 0.005000 0.144262
4 0.136500 0.382787 0.023000 0.021311
4 0.290500 0.118033 0.023000 0.019672
4 0.599000 0.118852 0.020000 0.024590
1 0.355500 0.158197 0.021000 0.024590
1 0.736000 0.195082 0.020000 0.022951
1 0.775500 0.285246 0.025000 0.022951
1 0.919000 0.402459 0.024000 0.024590
3 0.422500 0.485246 0.019000 0.022951
3 0.859500 0.811475 0.021000 0.026230
2 0.145500 0.590984 0.021000 0.021311
2 0.330000 0.390164 0.024000 0.026230
2 0.677000 0.614754 0.024000 0.032787
2 0.765500 0.504918 0.019000 0.029508
1 0.445000 0.255738 0.018000 0.019672