3 0.912859 0.531769 0.017060 0.022795
1 0.694322 0.478359 0.021629 0.023110
2 0.822300 0.390024 0.018447 0.023605
1 0.208128 0.311043 0.020625 0.022609
3 0.277900 0.778611 0.020055 0.024006
2 0.708115 0.712812 0.019973 0.025031
4 0.143756 0.251720 0.021250 0.020579
2 0.443706 0.456387 0.019057 0.025527
4 0.415190 0.113831 0.023141 0.022303
2 0.185161 0.634640 0.020335 0.023019
4 0.848554 0.113933 0.021563 0.021333
1 0.530811 0.445092 0.020321 0.021985
4 0.815384 0.179654 0.022377 0.021644
3 0.617292 0.935815 0.018118 0.021821
0 0.277056 0.645607 0.006817 0.209437
0 0.206044 0.443984 0.005887 0.214095
0 0.413559 0.243156 0.005983 0.214671
0 0.184560 0.498623 0.007007 0.209979
0 0.616413 0.839585 0.006229 0.137765
0 0.846186 0.206834 0.005626 0.139657
0 0.692822 0.570953 0.005410 0.141784
0 0.821799 0.289960 0.007752 0.130346
0 0.709298 0.619214 0.006068 0.125217
0 0.142105 0.382730 0.006260 0.216023
0 0.813740 0.274722 0.006634 0.143862
0 0.529076 0.537180 0.005582 0.140072
