4 0.374500 0.239344 0.023000 0.022951
4 0.771500 0.118033 0.021000 0.019672
1 0.179500 0.177869 0.021000 0.018033
1 0.208500 0.229508 0.019000 0.019672
1 0.259000 0.368852 0.024000 0.016393
1 0.445000 0.326230 0.022000 0.019672
1 0.635000 0.440984 0.020000 0.019672
1 0.917000 0.215574 0.018000 0.021311
2 0.162500 0.641803 0.019000 0.027869
2 0.418000 0.829508 0.016000 0.022951
2 0.671500 0.892623 0.017000 0.021311
2 0.852500 0.805738 0.019000 0.021311
3 0.046500 0.887705 0.019000 0.021311
3 0.247000 0.795902 0.016000 0.024590
3 0.302000 0.942623 0.022000 0.022951
3 0.198500 0.647541 0.017000 0.022951
3 0.589000 0.941803 0.016000 0.021311
0 0.046000 0.695902 0.006000 0.322951
0 0.130000 0.300820 0.006000 0.332787
0 0.160500 0.449180 0.005000 0.340984
0 0.178500 0.366393 0.005000 0.336066
0 0.198000 0.463115 0.006000 0.336066
0 0.207000 0.418852 0.004000 0.336066
0 0.247500 0.608197 0.007000 0.337705
0 0.259000 0.553279 0.008000 0.332787
0 0.300500 0.747541 0.005000 0.324590
0 0.373000 0.427049 0.004000 0.336066
0 0.417500 0.632787 0.007000 0.324590
0 0.587500 0.809016 0.005000 0.201639
0 0.635000 0.568033 0.008000 0.218033
0 0.673000 0.760656 0.006000 0.200000
0 0.770500 0.244262 0.005000 0.209836
0 0.853500 0.672951 0.009000 0.204918