3 0.371000 0.487705 0.020000 0.024590
3 0.771500 0.941803 0.017000 0.027869
4 0.084500 0.385246 0.023000 0.026230
4 0.237000 0.115574 0.020000 0.024590
4 0.445000 0.149180 0.022000 0.019672
4 0.919500 0.202459 0.023000 0.021311
2 0.093000 0.594262 0.024000 0.021311
2 0.279500 0.390164 0.019000 0.019672
2 0.588500 0.705738 0.021000 0.024590
2 0.677500 0.576230 0.019000 0.027869
2 0.860500 0.652459 0.015000 0.022951
1 0.301500 0.156557 0.023000 0.021311
1 0.648000 0.213115 0.020000 0.026230
1 0.686000 0.320492 0.018000 0.021311
1 0.851000 0.363115 0.022000 0.024590
0 0.083000 0.482787 0.006000 0.142623
0 0.092000 0.492623 0.006000 0.136066
0 0.235000 0.210656 0.006000 0.139344
0 0.278000 0.291803 0.006000 0.140984
0 0.299500 0.254098 0.003000 0.147541
0 0.371000 0.383607 0.004000 0.131148
0 0.588000 0.581148 0.006000 0.165574
0 0.646500 0.328689 0.005000 0.178689
0 0.676500 0.462295 0.005000 0.170492
0 0.684000 0.431148 0.006000 0.186885
0 0.771500 0.819672 0.009000 0.167213
0 0.848000 0.475410 0.006000 0.183607
0 0.864000 0.538525 0.006000 0.155738