0 0.029500 0.677869 0.005000 0.214754
0 0.165500 0.253279 0.009000 0.214754
0 0.343000 0.801639 0.008000 0.219672
0 0.395500 0.640984 0.005000 0.229508
0 0.422000 0.714754 0.010000 0.203279
0 0.645500 0.846721 0.007000 0.149180
0 0.745500 0.506557 0.007000 0.140984
0 0.811500 0.731967 0.011000 0.129508
0 0.845500 0.629508 0.007000 0.147541
0 0.866000 0.700000 0.006000 0.137705
3 0.032000 0.822131 0.018000 0.024590
3 0.342500 0.941803 0.017000 0.018033
3 0.647500 0.940984 0.019000 0.019672
4 0.169000 0.117213 0.022000 0.027869
1 0.398500 0.501639 0.019000 0.022951
1 0.750000 0.411475 0.022000 0.022951
2 0.421500 0.850820 0.019000 0.022951
1 0.445500 0.514754 0.021000 0.022951
1 0.847000 0.533607 0.018000 0.021311
4 0.916500 0.430328 0.021000 0.018033
2 0.807500 0.827869 0.017000 0.022951
2 0.866000 0.801639 0.018000 0.029508