0 0.093000 0.409836 0.006000 0.157377
0 0.174500 0.231148 0.005000 0.160656
0 0.593000 0.494262 0.006000 0.083607
0 0.609500 0.462295 0.007000 0.091803
0 0.647500 0.537705 0.005000 0.081967
0 0.660500 0.513934 0.005000 0.080328
0 0.715000 0.625410 0.006000 0.086885
0 0.740500 0.568033 0.007000 0.080328
0 0.778500 0.648361 0.005000 0.090164
0 0.793500 0.615574 0.007000 0.090164
1 0.175000 0.126230 0.016000 0.019672
1 0.609500 0.394262 0.019000 0.018033
1 0.658500 0.448361 0.019000 0.021311
1 0.741000 0.506557 0.020000 0.026230
1 0.796500 0.550820 0.019000 0.026230
3 0.092000 0.518033 0.016000 0.016393
3 0.593500 0.562295 0.021000 0.026230
3 0.646500 0.607377 0.013000 0.021311
3 0.715500 0.694262 0.015000 0.024590
3 0.778500 0.718033 0.019000 0.022951
3 0.444500 0.941803 0.017000 0.024590
3 0.914000 0.940164 0.016000 0.024590