3 0.765255 0.865535 0.016160 0.022233
4 0.831854 0.573206 0.021357 0.021257
2 0.791301 0.858369 0.018249 0.022719
1 0.913868 0.661561 0.021016 0.022607
3 0.443140 0.936208 0.017326 0.022611
3 0.642392 0.746099 0.017604 0.020880
3 0.885600 0.936396 0.017863 0.022249
3 0.372711 0.816706 0.018177 0.021649
1 0.780794 0.637007 0.020115 0.021811
1 0.687612 0.415661 0.019972 0.021834
1 0.232264 0.388374 0.019577 0.022094
1 0.382139 0.588871 0.020209 0.021464
2 0.256236 0.652135 0.019414 0.022276
3 0.178682 0.717102 0.018567 0.023313
1 0.280600 0.398078 0.019343 0.020150
0 0.765851 0.770344 0.006779 0.127144
0 0.641950 0.651858 0.005283 0.132138
0 0.790783 0.762245 0.006117 0.128464
0 0.230928 0.494671 0.005758 0.166206
0 0.371929 0.708099 0.007185 0.161900
0 0.257712 0.546145 0.006890 0.155253
0 0.380594 0.693100 0.006448 0.166588
0 0.830290 0.664676 0.005087 0.135399
0 0.779147 0.728085 0.005373 0.136405
0 0.278918 0.501383 0.004939 0.163976
0 0.884400 0.841855 0.005878 0.130983
0 0.178279 0.609230 0.007354 0.160520
0 0.685370 0.504850 0.005169 0.135272
