1 0.013000 0.116393 0.018000 0.019672
1 0.063500 0.228689 0.017000 0.018033
2 0.053500 0.533607 0.017000 0.021311
3 0.192500 0.940164 0.017000 0.021311
3 0.915000 0.876230 0.014000 0.024590
4 0.346000 0.145082 0.024000 0.021311
2 0.444500 0.763115 0.017000 0.021311
2 0.548500 0.866393 0.019000 0.024590
2 0.601500 0.829508 0.019000 0.026230
4 0.542500 0.636066 0.023000 0.022951
4 0.580500 0.545082 0.023000 0.021311
4 0.741000 0.117213 0.020000 0.021311
2 0.790500 0.524590 0.019000 0.019672
1 0.806000 0.265574 0.024000 0.022951
0 0.012500 0.261475 0.007000 0.240984
0 0.055000 0.392623 0.006000 0.224590
0 0.063000 0.368852 0.006000 0.236066
0 0.192500 0.795082 0.007000 0.236066
0 0.344000 0.288525 0.006000 0.242623
0 0.540500 0.741803 0.009000 0.149180
0 0.549000 0.746721 0.008000 0.126230
0 0.578500 0.645082 0.007000 0.155738
0 0.599000 0.716393 0.006000 0.134426
0 0.738500 0.218033 0.007000 0.160656
0 0.790000 0.417213 0.008000 0.149180
0 0.803500 0.368033 0.005000 0.152459