3 0.647000 0.744262 0.012000 0.026230
4 0.093000 0.619672 0.020000 0.022951
4 0.292500 0.339344 0.023000 0.019672
4 0.446000 0.118033 0.024000 0.022951
4 0.588500 0.478689 0.025000 0.026230
4 0.692500 0.490984 0.023000 0.024590
4 0.881500 0.116393 0.023000 0.026230
2 0.110000 0.813934 0.024000 0.021311
2 0.301500 0.521311 0.023000 0.026230
2 0.630500 0.739344 0.017000 0.022951
2 0.710500 0.689344 0.021000 0.024590
1 0.639500 0.574590 0.021000 0.021311
2 0.917500 0.357377 0.021000 0.026230
0 0.092000 0.702459 0.004000 0.126230
0 0.109000 0.725410 0.008000 0.116393
0 0.291000 0.422131 0.006000 0.119672
0 0.300500 0.430328 0.007000 0.106557
0 0.587500 0.558197 0.005000 0.106557
0 0.631000 0.661475 0.006000 0.100000
0 0.690500 0.572131 0.009000 0.104918
0 0.637000 0.650000 0.006000 0.100000
0 0.646000 0.662295 0.006000 0.091803
0 0.709500 0.610656 0.007000 0.096721
0 0.880500 0.192623 0.007000 0.106557