1 0.084500 0.115574 0.021000 0.024590
1 0.135500 0.226230 0.023000 0.026230
4 0.417500 0.145902 0.029000 0.022951
4 0.823000 0.118852 0.020000 0.024590
1 0.887500 0.238525 0.021000 0.027869
2 0.123500 0.534426 0.019000 0.022951
3 0.263500 0.942623 0.019000 0.026230
2 0.443000 0.527869 0.018000 0.026230
2 0.600500 0.814754 0.017000 0.026230
2 0.632000 0.747541 0.018000 0.026230
2 0.685000 0.717213 0.018000 0.034426
3 0.545500 0.940984 0.017000 0.026230
2 0.875000 0.460656 0.018000 0.026230
3 0.916000 0.504918 0.018000 0.029508
1 0.593500 0.613934 0.021000 0.024590
4 0.626500 0.550000 0.025000 0.024590
4 0.663500 0.469672 0.023000 0.021311
0 0.083000 0.258197 0.006000 0.231148
0 0.126000 0.389344 0.006000 0.218033
0 0.133500 0.368852 0.005000 0.239344
0 0.263500 0.791803 0.007000 0.245902
0 0.414500 0.286066 0.005000 0.240984
0 0.544500 0.842623 0.007000 0.124590
0 0.592000 0.695902 0.006000 0.129508
0 0.600000 0.718033 0.006000 0.124590
0 0.625000 0.641803 0.006000 0.126230
0 0.632500 0.663934 0.005000 0.147541
0 0.663500 0.557377 0.007000 0.131148
0 0.685000 0.624590 0.010000 0.127869
0 0.820500 0.201639 0.005000 0.127869
0 0.873000 0.373770 0.006000 0.134426
0 0.887000 0.327049 0.006000 0.126230