0 0.023500 0.222951 0.005000 0.173770
0 0.198500 0.639344 0.007000 0.170492
0 0.251000 0.521311 0.006000 0.173770
0 0.278000 0.575410 0.006000 0.170492
0 0.300000 0.526230 0.006000 0.177049
0 0.392500 0.746721 0.005000 0.175410
0 0.402000 0.731967 0.006000 0.172131
0 0.557000 0.317213 0.006000 0.149180
0 0.578500 0.392623 0.005000 0.149180
0 0.628000 0.207377 0.006000 0.149180
0 0.760500 0.705738 0.005000 0.145902
0 0.805500 0.534426 0.005000 0.134426
0 0.885500 0.837705 0.009000 0.144262
0 0.898500 0.789344 0.007000 0.152459
4 0.024000 0.118033 0.024000 0.022951
4 0.629000 0.115574 0.018000 0.018033
1 0.252000 0.406557 0.020000 0.022951
1 0.301000 0.419672 0.020000 0.019672
1 0.558000 0.222131 0.018000 0.021311
1 0.807000 0.450000 0.016000 0.024590
3 0.198500 0.754918 0.019000 0.024590
3 0.394000 0.862295 0.016000 0.026230
3 0.446000 0.940984 0.016000 0.019672
3 0.760500 0.809016 0.015000 0.027869
3 0.884500 0.940164 0.015000 0.027869
2 0.276000 0.686885 0.018000 0.022951
2 0.913500 0.936885 0.021000 0.027869
1 0.404000 0.621311 0.022000 0.026230
1 0.900500 0.695082 0.019000 0.022951
2 0.580500 0.495082 0.021000 0.019672