4 0.080500 0.619672 0.019000 0.026230
4 0.280500 0.339344 0.021000 0.016393
4 0.433000 0.114754 0.020000 0.019672
4 0.870500 0.118033 0.023000 0.026230
2 0.098000 0.813115 0.022000 0.019672
2 0.291500 0.519672 0.025000 0.019672
2 0.618500 0.741803 0.017000 0.024590
2 0.700000 0.690984 0.020000 0.024590
2 0.445000 0.300820 0.020000 0.024590
4 0.577500 0.481967 0.023000 0.022951
4 0.683000 0.490164 0.022000 0.019672
1 0.625500 0.569672 0.023000 0.021311
3 0.636000 0.745082 0.018000 0.024590
2 0.915500 0.384426 0.017000 0.014754
0 0.081500 0.703279 0.009000 0.121311
0 0.096000 0.722131 0.006000 0.122951
0 0.280500 0.423770 0.007000 0.132787
0 0.289500 0.436885 0.007000 0.119672
0 0.433000 0.196721 0.008000 0.121311
0 0.576000 0.554918 0.008000 0.100000
0 0.617000 0.663115 0.006000 0.113115
0 0.625000 0.647541 0.008000 0.111475
0 0.635000 0.663115 0.008000 0.103279
0 0.679500 0.569672 0.007000 0.106557
0 0.697500 0.617213 0.009000 0.109836
0 0.867500 0.190164 0.005000 0.101639