1 0.054500 0.303279 0.023000 0.013115
1 0.439000 0.483607 0.018000 0.019672
1 0.598000 0.458197 0.018000 0.014754
1 0.656000 0.519672 0.020000 0.019672
3 0.040500 0.587705 0.017000 0.018033
3 0.104000 0.704098 0.018000 0.018033
3 0.362500 0.943443 0.013000 0.021311
2 0.443000 0.749180 0.018000 0.019672
2 0.780500 0.855738 0.019000 0.019672
2 0.913500 0.573770 0.017000 0.019672
4 0.193500 0.191803 0.021000 0.019672
4 0.744500 0.410656 0.021000 0.021311
4 0.875500 0.115574 0.019000 0.021311
3 0.567000 0.868033 0.014000 0.018033
3 0.633500 0.894262 0.019000 0.021311
3 0.690000 0.941803 0.016000 0.024590
0 0.042000 0.457377 0.006000 0.190164
0 0.052500 0.431148 0.007000 0.206557
0 0.104000 0.571311 0.006000 0.195082
0 0.191000 0.321311 0.004000 0.206557
0 0.362500 0.805738 0.005000 0.201639
0 0.437500 0.604918 0.005000 0.200000
0 0.567500 0.736885 0.005000 0.198361
0 0.598000 0.585246 0.006000 0.203279
0 0.633000 0.763934 0.006000 0.196721
0 0.656000 0.649180 0.006000 0.203279
0 0.689000 0.812295 0.006000 0.195082
0 0.742500 0.536066 0.005000 0.200000
0 0.780000 0.726230 0.006000 0.193443
0 0.874000 0.240164 0.006000 0.204918