4 202.326859 99.003098 22.637421 13.231361
2 678.546021 448.627380 20.472900 15.021454
1 706.964233 226.070343 21.026367 13.051163
2 230.695496 295.845215 20.717026 13.839020
4 914.521240 69.025032 21.150818 12.544559
1 797.725525 368.659058 20.801270 13.122559
2 804.131470 530.589600 18.214966 14.426575
4 277.182800 69.484932 21.078247 12.544514
3 776.418579 571.163147 17.336121 13.386475
3 360.372314 359.083282 19.626556 13.900513
4 597.538452 69.588669 20.388733 12.270031
0 229.411469 218.164459 7.087265 116.539474
0 803.901978 455.827698 6.566284 107.083313
0 796.431030 438.384644 5.514893 113.266205
0 359.838501 282.169403 6.400055 118.992081
0 200.629349 173.990540 5.720520 122.287392
0 705.236877 297.799622 5.703491 115.661377
0 275.809723 144.960983 6.011292 123.824623
0 595.711975 140.883408 5.383179 115.766724
0 677.994080 373.905029 6.851440 111.737518
0 775.767456 499.311584 6.558411 113.075226
0 804.424255 456.275787 4.553101 107.988831
5 444.868652 74.371643 41.852203 29.801445
