2 0.163309 0.556402 0.019431 0.022973
4 0.626844 0.271155 0.020998 0.020847
1 0.188122 0.341934 0.020238 0.020865
3 0.352513 0.787681 0.015900 0.021234
3 0.085748 0.608341 0.018203 0.023282
3 0.279976 0.688158 0.017640 0.021883
2 0.586346 0.557128 0.018631 0.023415
3 0.679257 0.635231 0.018204 0.023446
1 0.575583 0.335762 0.019400 0.022157
3 0.442877 0.936222 0.016564 0.022143
3 0.913056 0.936145 0.017128 0.022358
1 0.289864 0.494662 0.020446 0.022092
4 0.778276 0.328009 0.020171 0.020758
1 0.708133 0.360563 0.020813 0.023796
3 0.559866 0.564128 0.018115 0.023438
3 0.738232 0.642762 0.017875 0.021871
1 0.357898 0.602456 0.019594 0.022033
1 0.139929 0.333875 0.020652 0.022394
0 0.737424 0.547021 0.007242 0.128735
0 0.706889 0.449715 0.006405 0.136546
0 0.573986 0.426332 0.005343 0.136722
0 0.585552 0.462829 0.007184 0.125199
0 0.776564 0.418886 0.005910 0.135672
0 0.560321 0.467423 0.006760 0.127127
0 0.164750 0.465253 0.007228 0.125056
0 0.138104 0.422812 0.005441 0.133583
0 0.085674 0.515848 0.006514 0.129929
0 0.679269 0.540278 0.007220 0.130393
0 0.287772 0.583567 0.005383 0.134667
0 0.279236 0.598293 0.005764 0.125795
