2 0.880298 0.399829 0.018237 0.023628
4 0.629031 0.315843 0.022901 0.022956
2 0.656416 0.586625 0.019629 0.023884
4 0.855163 0.136581 0.021003 0.021523
2 0.812712 0.454559 0.020047 0.023716
2 0.370709 0.649734 0.019691 0.023922
4 0.913168 0.112791 0.019060 0.020057
4 0.788187 0.207226 0.022569 0.023302
1 0.671565 0.379518 0.023239 0.025628
3 0.262565 0.914013 0.018693 0.022083
4 0.443479 0.112688 0.020185 0.020104
4 0.355719 0.309083 0.021962 0.021111
2 0.141201 0.755823 0.019006 0.023649
1 0.179782 0.340499 0.022465 0.022715
0 0.369714 0.498283 0.008020 0.235558
3 0.703498 0.665802 0.018353 0.023249
0 0.669619 0.466319 0.007576 0.131024
0 0.262194 0.765771 0.007144 0.243121
0 0.879297 0.306102 0.007436 0.128776
0 0.353887 0.453576 0.008098 0.250498
0 0.627290 0.404608 0.006939 0.132841
4 0.042890 0.128428 0.021633 0.021507
0 0.853832 0.226303 0.006963 0.132773
0 0.177638 0.483868 0.007468 0.246575
0 0.657811 0.497694 0.008483 0.119602
0 0.788853 0.292870 0.006900 0.127624
0 0.041097 0.273568 0.006713 0.249678
0 0.702926 0.571048 0.009314 0.131957
0 0.140612 0.606432 0.008677 0.239845
