3 0.430115 0.618911 0.018219 0.022663
3 0.658778 0.765608 0.018966 0.023314
2 0.882501 0.887454 0.018773 0.023977
3 0.798681 0.936841 0.017819 0.022585
1 0.388267 0.260613 0.020689 0.021284
1 0.308726 0.150833 0.019358 0.019597
3 0.376860 0.533902 0.018008 0.022732
1 0.845842 0.443690 0.021370 0.022287
1 0.914143 0.481027 0.020437 0.022392
1 0.441898 0.345470 0.020420 0.020414
1 0.337941 0.181110 0.020066 0.019613
3 0.176667 0.588470 0.019364 0.022633
2 0.290914 0.442639 0.019554 0.023617
2 0.046220 0.484649 0.019655 0.022719
1 0.710860 0.272346 0.020978 0.020860
4 0.582567 0.114024 0.020556 0.019327
4 0.018500 0.161841 0.020598 0.020129
3 0.328642 0.448347 0.016882 0.022139
4 0.093345 0.113148 0.018977 0.018831
0 0.328286 0.321247 0.006354 0.194124
0 0.387254 0.380906 0.006016 0.198259
3 0.528884 0.594777 0.015639 0.021345
0 0.017404 0.279803 0.005652 0.201280
0 0.527753 0.468162 0.005487 0.199028
0 0.175782 0.463545 0.005640 0.197929
0 0.336210 0.302594 0.005598 0.200608
0 0.046077 0.359203 0.007751 0.195434
0 0.429443 0.492757 0.006784 0.190039
0 0.307303 0.270839 0.005342 0.195224
0 0.580760 0.239459 0.005281 0.208636
0 0.882169 0.758468 0.006683 0.198289
0 0.259277 0.236374 0.004946 0.198998
0 0.290022 0.316634 0.006767 0.192251
0 0.657799 0.636587 0.006222 0.201170
0 0.798321 0.808850 0.005916 0.200192
0 0.091690 0.236226 0.005120 0.201723
0 0.709183 0.395799 0.005167 0.203851
0 0.376410 0.408045 0.006631 0.197509
5 0.262826 0.130169 0.043537 0.039428
