1 0.610900 0.228199 0.021652 0.022389
1 0.443639 0.497673 0.018713 0.020285
2 0.286673 0.752513 0.019281 0.024047
1 0.913552 0.437964 0.021374 0.023079
3 0.535311 0.737094 0.017875 0.022512
3 0.407997 0.913617 0.018339 0.021564
1 0.324710 0.329727 0.020649 0.021118
2 0.670538 0.661489 0.019996 0.025131
1 0.690023 0.380534 0.022888 0.023836
1 0.759734 0.418556 0.021822 0.023105
3 0.721884 0.718655 0.017568 0.023298
4 0.188024 0.113832 0.020938 0.021099
3 0.835713 0.935605 0.016959 0.022610
0 0.722824 0.617122 0.007215 0.144897
0 0.534542 0.629959 0.006999 0.157251
0 0.323574 0.475805 0.006472 0.250661
0 0.034577 0.785437 0.006982 0.246369
3 0.035617 0.935535 0.017822 0.020445
0 0.835418 0.829471 0.006404 0.156414
0 0.286111 0.601980 0.006421 0.247695
0 0.669999 0.553816 0.008022 0.153265
0 0.608735 0.330035 0.006606 0.157679
0 0.758110 0.521575 0.006351 0.160898
0 0.407311 0.762954 0.007651 0.252874
0 0.688403 0.482298 0.007854 0.161495
0 0.186325 0.258900 0.006727 0.247837
