1 153.013641 166.696167 20.849457 12.619553
3 444.107574 572.755737 17.123474 13.054504
1 320.965027 174.918610 21.982910 13.476074
1 562.673096 124.091560 21.160828 12.825668
3 861.138855 524.410217 18.108276 13.937988
3 238.919922 493.017670 18.406509 13.550964
3 914.800293 572.465271 15.820740 12.778564
1 625.731445 140.004578 20.669678 13.438858
1 878.113708 367.025482 19.278564 12.583008
2 594.588074 318.629303 19.390381 13.987000
3 104.150635 421.751038 18.034813 13.723846
4 711.939819 70.022369 19.894958 12.768658
0 710.889282 130.170547 5.375183 92.554802
0 237.900726 408.665192 7.099930 133.723816
0 151.853928 248.118439 6.614258 137.692139
0 626.979248 196.819183 6.151062 89.000351
0 319.681458 256.927734 6.777161 137.700119
0 103.431290 337.746399 7.146675 134.331879
0 860.892029 461.547119 7.323730 87.856873
0 876.688416 427.382355 5.930908 92.538940
0 655.162415 255.705643 7.368164 87.874176
0 594.404907 255.269485 7.443481 88.423737
0 561.598511 183.339645 7.185547 92.283661
5 657.360107 317.596527 40.631104 31.998108
