1 0.066009 0.284750 0.019793 0.020459
1 0.913540 0.478899 0.020830 0.022800
3 0.364317 0.936537 0.018070 0.022666
1 0.443845 0.584281 0.020414 0.022536
2 0.621574 0.743544 0.018714 0.022934
3 0.248600 0.829116 0.018283 0.022620
3 0.575023 0.790921 0.018283 0.022598
4 0.671413 0.464863 0.022077 0.022094
1 0.607817 0.556655 0.020201 0.022564
3 0.794377 0.936361 0.017698 0.022035
1 0.280745 0.574659 0.021017 0.021990
3 0.085421 0.517007 0.015441 0.020759
3 0.062513 0.480612 0.015754 0.022215
1 0.091104 0.316334 0.019081 0.021868
0 0.620588 0.662558 0.005907 0.100584
0 0.574098 0.712517 0.005934 0.100771
0 0.363277 0.835739 0.006271 0.145795
0 0.793021 0.858780 0.005313 0.103887
0 0.606394 0.631268 0.005844 0.105010
0 0.669470 0.541270 0.005508 0.107441
0 0.278938 0.671177 0.005160 0.147979
0 0.248870 0.729158 0.007414 0.143560
