1 0.028500 0.118033 0.017000 0.022951
1 0.108000 0.323770 0.020000 0.018033
1 0.193000 0.499180 0.022000 0.021311
1 0.796500 0.363115 0.021000 0.021311
1 0.880500 0.584426 0.019000 0.021311
4 0.335500 0.396721 0.025000 0.019672
4 0.642500 0.210656 0.021000 0.024590
4 0.714000 0.118033 0.022000 0.019672
3 0.104000 0.570492 0.018000 0.016393
3 0.181000 0.769672 0.022000 0.024590
3 0.248000 0.881967 0.024000 0.026230
3 0.785000 0.615574 0.020000 0.021311
3 0.864000 0.846721 0.016000 0.031148
3 0.916500 0.942623 0.017000 0.026230
3 0.444000 0.941803 0.016000 0.024590
3 0.532000 0.847541 0.016000 0.026230
2 0.666500 0.515574 0.019000 0.021311
0 0.028500 0.239344 0.007000 0.200000
0 0.183000 0.647541 0.008000 0.193443
0 0.194000 0.624590 0.008000 0.216393
0 0.246000 0.759836 0.008000 0.198361
0 0.332500 0.517213 0.005000 0.201639
0 0.532000 0.736885 0.006000 0.152459
0 0.641500 0.313934 0.005000 0.168852
0 0.664500 0.404918 0.007000 0.160656
0 0.711500 0.216393 0.005000 0.163934
0 0.783500 0.508197 0.005000 0.157377
0 0.795500 0.460656 0.007000 0.154098
0 0.863500 0.737705 0.009000 0.157377
0 0.877500 0.687705 0.007000 0.168852