0 0.165000 0.646721 0.004000 0.122951
0 0.227000 0.541803 0.002000 0.119672
0 0.383000 0.787705 0.006000 0.119672
0 0.393500 0.773770 0.007000 0.114754
0 0.555000 0.444262 0.006000 0.193443
0 0.590500 0.259016 0.005000 0.216393
0 0.636000 0.500820 0.008000 0.211475
0 0.675000 0.338525 0.006000 0.214754
0 0.718500 0.577049 0.007000 0.209836
0 0.766000 0.325410 0.006000 0.211475
0 0.823000 0.627049 0.008000 0.201639
0 0.836000 0.555738 0.006000 0.213115
0 0.883000 0.809836 0.006000 0.206557
3 0.166500 0.731148 0.017000 0.019672
1 0.228000 0.459836 0.016000 0.021311
1 0.307000 0.585246 0.020000 0.016393
1 0.393500 0.690984 0.017000 0.018033
1 0.589500 0.130328 0.015000 0.018033
1 0.676000 0.204098 0.018000 0.018033
1 0.837000 0.425410 0.018000 0.021311
1 0.913500 0.516393 0.017000 0.019672
3 0.304000 0.754918 0.016000 0.021311
3 0.383000 0.875410 0.018000 0.022951
3 0.444500 0.942623 0.015000 0.022951
3 0.555500 0.581148 0.015000 0.021311
3 0.634500 0.632787 0.015000 0.016393
3 0.718000 0.709836 0.012000 0.019672
3 0.823500 0.761475 0.013000 0.018033
3 0.883000 0.940984 0.014000 0.019672
4 0.767000 0.191803 0.018000 0.016393