4 0.401793 0.623902 0.021788 0.021287
1 0.177083 0.580454 0.019515 0.020376
3 0.911187 0.698566 0.016425 0.021557
1 0.097730 0.456810 0.019544 0.021166
3 0.173808 0.750454 0.016426 0.021767
4 0.741300 0.221966 0.022003 0.020582
3 0.313037 0.937128 0.017333 0.022713
3 0.034989 0.725685 0.016515 0.021259
2 0.764143 0.557401 0.019491 0.023222
2 0.441072 0.856945 0.017836 0.023280
1 0.584828 0.492415 0.018928 0.022161
1 0.894938 0.395571 0.019557 0.021560
3 0.569820 0.784256 0.016347 0.020676
1 0.262850 0.686824 0.020973 0.022329
3 0.251179 0.870886 0.017386 0.021200
4 0.810666 0.113993 0.020002 0.020127
3 0.882780 0.675847 0.016594 0.021771
3 0.630227 0.935338 0.016503 0.020871
0 0.034391 0.638764 0.005772 0.119120
0 0.261505 0.768251 0.005607 0.119920
0 0.809448 0.228602 0.004734 0.185593
0 0.630059 0.819096 0.005821 0.179466
0 0.893362 0.509542 0.006057 0.182893
0 0.739396 0.336704 0.004646 0.181567
0 0.569553 0.668343 0.005980 0.178883
0 0.095873 0.539939 0.005011 0.121309
0 0.763172 0.438924 0.005455 0.176020
0 0.882362 0.560419 0.006843 0.180148
0 0.583082 0.607276 0.004505 0.182004
0 0.400210 0.707706 0.005289 0.121020
