2 0.078500 0.939344 0.015000 0.019672
2 0.211000 0.715574 0.022000 0.024590
2 0.369500 0.523770 0.021000 0.024590
2 0.444000 0.481967 0.020000 0.019672
4 0.181500 0.362295 0.019000 0.019672
4 0.323500 0.115574 0.021000 0.018033
4 0.850000 0.129508 0.022000 0.016393
4 0.537000 0.144262 0.020000 0.019672
4 0.569500 0.115574 0.017000 0.018033
1 0.414500 0.122951 0.021000 0.016393
2 0.545500 0.495902 0.019000 0.021311
1 0.647500 0.249180 0.021000 0.019672
3 0.619000 0.718852 0.016000 0.024590
3 0.679500 0.750820 0.013000 0.013115
3 0.701500 0.763115 0.015000 0.018033
2 0.915500 0.852459 0.019000 0.019672
1 0.689000 0.400000 0.014000 0.019672
4 0.717000 0.383607 0.018000 0.019672
3 0.761000 0.943443 0.014000 0.018033
0 0.079000 0.807377 0.004000 0.214754
0 0.181000 0.498361 0.004000 0.219672
0 0.210500 0.614754 0.007000 0.147541
0 0.322000 0.248361 0.004000 0.218033
0 0.369500 0.386066 0.005000 0.208197
0 0.413000 0.256557 0.004000 0.224590
0 0.537000 0.293443 0.006000 0.249180
0 0.546000 0.340984 0.004000 0.226230
0 0.569500 0.264754 0.005000 0.244262
0 0.618500 0.564754 0.003000 0.237705
0 0.647000 0.396721 0.004000 0.242623
0 0.680000 0.595902 0.006000 0.237705
0 0.689000 0.544262 0.006000 0.245902
0 0.701500 0.612295 0.005000 0.231148
0 0.716500 0.526230 0.003000 0.236066
0 0.760500 0.787705 0.005000 0.237705
0 0.848000 0.278689 0.006000 0.252459