1 0.025500 0.254918 0.021000 0.018033
1 0.056500 0.304098 0.021000 0.021311
1 0.106500 0.422131 0.021000 0.014754
1 0.909500 0.587705 0.025000 0.027869
4 0.223000 0.310656 0.024000 0.021311
4 0.356500 0.116393 0.019000 0.022951
4 0.540000 0.320492 0.024000 0.021311
4 0.761500 0.114754 0.019000 0.022951
3 0.045500 0.681967 0.019000 0.019672
3 0.094500 0.813115 0.017000 0.022951
3 0.149000 0.941803 0.018000 0.021311
2 0.264000 0.840164 0.018000 0.027869
2 0.445000 0.831148 0.018000 0.026230
2 0.620500 0.872131 0.019000 0.026230
2 0.890000 0.863934 0.016000 0.019672
2 0.917000 0.836066 0.016000 0.022951
0 0.026000 0.427049 0.006000 0.300000
0 0.045500 0.509016 0.007000 0.296721
0 0.054500 0.475410 0.007000 0.301639
0 0.094500 0.632787 0.007000 0.288525
0 0.105500 0.592623 0.007000 0.296721
0 0.147500 0.766393 0.005000 0.293443
0 0.220500 0.485246 0.007000 0.304918
0 0.264500 0.662295 0.005000 0.285246
0 0.355500 0.285246 0.005000 0.298361
0 0.539000 0.428689 0.006000 0.175410
0 0.622000 0.766393 0.006000 0.172131
0 0.761500 0.223770 0.007000 0.165574
0 0.890500 0.754918 0.005000 0.155738
0 0.906000 0.690164 0.004000 0.170492