3 0.065978 0.621276 0.017739 0.022379
3 0.814368 0.810816 0.016234 0.020875
3 0.882606 0.936504 0.017765 0.022623
1 0.908858 0.683179 0.018590 0.021038
3 0.443145 0.935696 0.017702 0.022528
1 0.778580 0.520591 0.019680 0.021738
3 0.201129 0.722403 0.018724 0.022453
1 0.115437 0.251622 0.021014 0.021833
3 0.761312 0.744567 0.018120 0.022439
1 0.282352 0.262943 0.022211 0.022286
1 0.827539 0.602103 0.019676 0.021289
0 0.828126 0.683869 0.005790 0.119005
4 0.611956 0.114285 0.018037 0.019381
0 0.760716 0.654859 0.007132 0.122659
0 0.776586 0.606057 0.005851 0.127329
0 0.882248 0.847505 0.005637 0.121773
0 0.200025 0.598739 0.007578 0.191241
0 0.065474 0.496786 0.006841 0.193721
0 0.113541 0.371740 0.005970 0.198733
0 0.527150 0.291069 0.005282 0.118224
0 0.555240 0.373606 0.005624 0.122167
0 0.814328 0.721803 0.006613 0.123880
0 0.611232 0.200544 0.005367 0.128499
1 0.528306 0.210488 0.017324 0.021576
5 0.557970 0.462001 0.035698 0.049594
