0 0.059500 0.534426 0.007000 0.222951
0 0.147000 0.254918 0.004000 0.231148
0 0.318500 0.800820 0.005000 0.221311
0 0.392500 0.580328 0.005000 0.236066
0 0.435000 0.701639 0.004000 0.216393
0 0.546500 0.646721 0.005000 0.204918
0 0.579000 0.813934 0.006000 0.195082
0 0.633000 0.536066 0.006000 0.200000
0 0.670000 0.722951 0.008000 0.190164
0 0.764000 0.240984 0.006000 0.200000
0 0.844000 0.648361 0.006000 0.178689
0 0.888000 0.407377 0.006000 0.168852
3 0.059500 0.677049 0.015000 0.016393
4 0.149000 0.116393 0.018000 0.022951
3 0.318000 0.941803 0.016000 0.021311
1 0.394500 0.435246 0.019000 0.021311
2 0.432500 0.841803 0.021000 0.021311
2 0.671000 0.856557 0.018000 0.018033
2 0.840500 0.770492 0.017000 0.019672
2 0.917500 0.696721 0.019000 0.019672
1 0.445500 0.545082 0.019000 0.021311
1 0.547500 0.520492 0.021000 0.018033
4 0.633000 0.409836 0.018000 0.019672
4 0.763000 0.116393 0.018000 0.013115
1 0.889500 0.297541 0.019000 0.018033