2 0.894017 0.398226 0.016185 0.024554
1 0.902053 0.215363 0.021085 0.022116
4 0.636011 0.471466 0.021268 0.022113
2 0.660821 0.706817 0.017891 0.023024
2 0.021708 0.828789 0.018954 0.024574
2 0.726561 0.625994 0.019084 0.023811
4 0.236656 0.506056 0.023612 0.021564
2 0.251554 0.756266 0.020531 0.024207
2 0.443382 0.348281 0.018716 0.023655
4 0.568731 0.531833 0.022611 0.022816
2 0.593264 0.754354 0.018936 0.022886
3 0.143395 0.936406 0.018065 0.021922
4 0.708459 0.410567 0.023213 0.023584
4 0.435032 0.112966 0.022370 0.021175
1 0.060797 0.527290 0.022833 0.023386
3 0.910387 0.403894 0.014834 0.022348
4 0.853007 0.114463 0.022060 0.023390
0 0.660259 0.620586 0.007346 0.109656
0 0.142834 0.826571 0.007760 0.168754
0 0.893398 0.312546 0.007056 0.111109
0 0.021464 0.716615 0.008141 0.162494
0 0.634797 0.553012 0.007038 0.117365
0 0.706828 0.491723 0.006914 0.116814
0 0.900893 0.294815 0.006593 0.117994
0 0.058700 0.633460 0.006391 0.171173
0 0.433553 0.221513 0.006614 0.168635
0 0.851511 0.196240 0.006200 0.116951
0 0.235200 0.614302 0.006208 0.172561
0 0.725836 0.541407 0.007138 0.110715
0 0.569311 0.610358 0.006185 0.109803
0 0.592711 0.666624 0.007583 0.107687
0 0.250640 0.643945 0.007903 0.161079
