0 0.070500 0.415574 0.009000 0.227869
0 0.114000 0.552459 0.006000 0.232787
0 0.203500 0.256557 0.005000 0.234426
0 0.369500 0.795082 0.007000 0.232787
0 0.585000 0.813115 0.004000 0.196721
0 0.651000 0.491803 0.006000 0.213115
0 0.684000 0.644262 0.006000 0.190164
0 0.715000 0.498361 0.008000 0.196721
0 0.737500 0.610656 0.005000 0.188525
0 0.749500 0.562295 0.005000 0.213115
0 0.759000 0.603279 0.008000 0.190164
0 0.805500 0.363115 0.005000 0.191803
0 0.823000 0.441803 0.010000 0.188525
0 0.864500 0.236885 0.007000 0.195082
0 0.892500 0.373770 0.009000 0.190164
4 0.072000 0.270492 0.024000 0.019672
4 0.206500 0.115574 0.023000 0.024590
4 0.806500 0.245902 0.023000 0.016393
4 0.865500 0.113115 0.023000 0.022951
1 0.446500 0.412295 0.027000 0.021311
1 0.654000 0.367213 0.024000 0.019672
1 0.716000 0.377049 0.020000 0.016393
2 0.115500 0.697541 0.021000 0.018033
2 0.684500 0.774590 0.021000 0.018033
2 0.739000 0.740984 0.020000 0.019672
2 0.823500 0.572951 0.021000 0.024590
2 0.893500 0.500000 0.021000 0.022951
3 0.368500 0.942623 0.021000 0.016393
1 0.918000 0.141803 0.024000 0.024590