3 0.443139 0.866234 0.017865 0.021910
2 0.392472 0.846260 0.019363 0.023516
1 0.780366 0.529050 0.020022 0.022067
1 0.368381 0.497615 0.019849 0.020448
3 0.912844 0.850313 0.017535 0.022399
1 0.682554 0.407864 0.019362 0.021001
4 0.851078 0.423941 0.021427 0.021380
3 0.315373 0.936485 0.017247 0.022461
2 0.800677 0.798318 0.018480 0.024028
2 0.743031 0.824213 0.020005 0.024746
1 0.417528 0.512467 0.019212 0.020181
3 0.582610 0.936024 0.017438 0.021821
0 0.580864 0.836255 0.006071 0.142877
4 0.141917 0.113909 0.020396 0.019731
0 0.800332 0.697399 0.006731 0.141848
0 0.744654 0.727844 0.006940 0.132366
0 0.393956 0.709793 0.006960 0.218174
0 0.314509 0.796376 0.006577 0.221430
0 0.367328 0.634268 0.004917 0.228129
0 0.140073 0.248608 0.005647 0.225395
0 0.848842 0.520796 0.004999 0.147416
0 0.779203 0.623611 0.005750 0.146462
0 0.415648 0.648931 0.005442 0.229595
0 0.681363 0.504319 0.005327 0.148661
