2 0.053098 0.530631 0.018544 0.021852
1 0.914689 0.568369 0.017570 0.022817
2 0.761214 0.518816 0.018728 0.023341
2 0.572130 0.825207 0.018909 0.022943
1 0.776084 0.262697 0.020269 0.022703
2 0.443165 0.759363 0.018151 0.024267
4 0.551944 0.540033 0.021141 0.021504
3 0.192176 0.936366 0.017549 0.021830
4 0.344713 0.142768 0.022095 0.021119
3 0.887801 0.871411 0.018779 0.023172
1 0.064289 0.224605 0.020922 0.021511
4 0.710641 0.113782 0.020135 0.021458
0 0.760725 0.413759 0.007442 0.148146
0 0.191290 0.789136 0.007453 0.236765
0 0.550665 0.642225 0.006092 0.156006
0 0.012123 0.253990 0.006344 0.239324
0 0.886455 0.765634 0.006798 0.153513
1 0.013636 0.113810 0.019029 0.019365
0 0.054525 0.386181 0.008143 0.229581
0 0.774540 0.363541 0.006197 0.157637
0 0.708969 0.214587 0.006040 0.155576
0 0.571456 0.718874 0.006523 0.148457
0 0.342623 0.284688 0.006995 0.239299
0 0.063439 0.366464 0.007960 0.242604
