3 0.029500 0.501639 0.017000 0.026230
3 0.104500 0.664754 0.017000 0.024590
3 0.168500 0.754918 0.019000 0.021311
3 0.428000 0.941803 0.020000 0.024590
3 0.543500 0.591803 0.019000 0.022951
3 0.616500 0.716393 0.021000 0.022951
3 0.674000 0.762295 0.016000 0.019672
3 0.734500 0.885246 0.021000 0.019672
3 0.800000 0.904098 0.016000 0.024590
3 0.854000 0.940984 0.018000 0.022951
1 0.031000 0.285246 0.020000 0.022951
1 0.116500 0.435246 0.019000 0.024590
1 0.447000 0.695902 0.024000 0.024590
1 0.558500 0.331148 0.021000 0.019672
1 0.603500 0.455738 0.019000 0.022951
1 0.690000 0.502459 0.018000 0.021311
1 0.764000 0.558197 0.018000 0.024590
1 0.823500 0.605738 0.019000 0.021311
4 0.642000 0.417213 0.022000 0.021311
4 0.909000 0.519672 0.020000 0.022951
2 0.916000 0.754098 0.016000 0.022951
4 0.256000 0.346721 0.018000 0.021311
0 0.106000 0.557377 0.006000 0.160656
0 0.116000 0.537705 0.006000 0.173770
0 0.167500 0.645902 0.009000 0.154098
0 0.256000 0.453279 0.004000 0.162295
0 0.427500 0.834426 0.007000 0.160656
0 0.544500 0.487705 0.007000 0.149180
0 0.558000 0.432787 0.008000 0.154098
0 0.595500 0.583607 0.005000 0.154098
0 0.601500 0.559836 0.005000 0.155738
0 0.616000 0.605738 0.008000 0.142623
0 0.640000 0.522131 0.008000 0.155738
0 0.675000 0.658197 0.006000 0.155738
0 0.689000 0.604098 0.008000 0.155738
0 0.734000 0.776230 0.006000 0.152459
0 0.763500 0.661475 0.005000 0.152459
0 0.799500 0.797541 0.007000 0.149180
0 0.823000 0.708197 0.006000 0.157377
0 0.855500 0.829508 0.007000 0.144262
0 0.908500 0.621311 0.007000 0.147541
3 0.595500 0.686885 0.017000 0.019672