0 0.125500 0.667213 0.007000 0.193443
0 0.156500 0.590984 0.007000 0.201639
0 0.240500 0.816393 0.005000 0.196721
0 0.432500 0.292623 0.005000 0.201639
0 0.754500 0.255738 0.007000 0.118033
0 0.787000 0.342623 0.006000 0.114754
0 0.809500 0.277049 0.007000 0.111475
0 0.820500 0.302459 0.007000 0.106557
0 0.859500 0.193443 0.005000 0.108197
0 0.907000 0.322951 0.006000 0.108197
1 0.157000 0.466393 0.020000 0.021311
1 0.811000 0.201639 0.022000 0.019672
1 0.916000 0.218033 0.022000 0.022951
3 0.125500 0.795082 0.017000 0.022951
3 0.243000 0.941803 0.024000 0.018033
4 0.433500 0.171311 0.023000 0.021311
4 0.756500 0.175410 0.017000 0.022951
4 0.861000 0.113934 0.020000 0.021311
2 0.444500 0.445082 0.019000 0.024590
2 0.786500 0.427049 0.017000 0.024590
2 0.817500 0.379508 0.019000 0.021311
3 0.906000 0.404918 0.014000 0.019672
3 0.537500 0.942623 0.017000 0.019672
0 0.536500 0.857377 0.005000 0.111475