4 0.082000 0.163934 0.020000 0.019672
4 0.158000 0.119672 0.018000 0.019672
4 0.800500 0.254918 0.027000 0.021311
2 0.110500 0.487705 0.021000 0.027869
2 0.355000 0.441803 0.020000 0.021311
2 0.596000 0.745902 0.018000 0.022951
2 0.692000 0.670492 0.024000 0.026230
3 0.241000 0.590984 0.020000 0.024590
3 0.444500 0.540164 0.017000 0.027869
3 0.744500 0.761475 0.019000 0.027869
3 0.876000 0.940984 0.020000 0.026230
3 0.393500 0.451639 0.019000 0.024590
1 0.373500 0.154098 0.023000 0.029508
1 0.403000 0.184426 0.020000 0.027869
1 0.446000 0.288525 0.020000 0.029508
1 0.651500 0.197541 0.023000 0.018033
1 0.709500 0.310656 0.017000 0.024590
1 0.914000 0.481148 0.018000 0.031148
0 0.081000 0.289344 0.004000 0.191803
0 0.110000 0.359836 0.008000 0.195082
0 0.156000 0.239344 0.004000 0.206557
0 0.241000 0.462295 0.006000 0.193443
0 0.324500 0.237705 0.005000 0.200000
0 0.356000 0.319672 0.006000 0.196721
0 0.373000 0.276230 0.006000 0.201639
0 0.393000 0.325410 0.006000 0.195082
0 0.400500 0.306557 0.007000 0.200000
0 0.529500 0.241803 0.005000 0.218033
0 0.597000 0.613115 0.004000 0.206557
0 0.651000 0.324590 0.006000 0.206557
0 0.690000 0.536066 0.006000 0.206557
0 0.710000 0.438525 0.006000 0.218033
0 0.744500 0.626230 0.005000 0.209836
0 0.799000 0.381148 0.006000 0.214754
0 0.876500 0.807377 0.009000 0.218033