0 0.073000 0.700820 0.006000 0.332787
0 0.156500 0.304918 0.005000 0.337705
0 0.187000 0.450000 0.006000 0.329508
0 0.205000 0.369672 0.006000 0.332787
0 0.224500 0.454918 0.005000 0.326230
0 0.234000 0.418033 0.006000 0.327869
0 0.273500 0.597541 0.003000 0.319672
0 0.285000 0.554098 0.004000 0.331148
0 0.327000 0.742623 0.008000 0.311475
0 0.400500 0.422951 0.007000 0.318033
0 0.555500 0.391803 0.005000 0.216393
0 0.643000 0.805738 0.006000 0.201639
0 0.691000 0.568852 0.006000 0.209836
0 0.728500 0.757377 0.005000 0.193443
0 0.827500 0.245082 0.007000 0.204918
0 0.908500 0.672131 0.005000 0.203279
1 0.206000 0.178689 0.022000 0.026230
1 0.235000 0.230328 0.024000 0.014754
1 0.286000 0.367213 0.018000 0.019672
1 0.556000 0.263934 0.022000 0.026230
1 0.693500 0.441803 0.021000 0.024590
1 0.917000 0.514754 0.020000 0.026230
4 0.828000 0.114754 0.020000 0.019672
4 0.400500 0.244262 0.023000 0.019672
3 0.071500 0.889344 0.017000 0.021311
3 0.273500 0.795902 0.017000 0.024590
3 0.327500 0.945902 0.021000 0.029508
3 0.224500 0.650820 0.021000 0.026230
2 0.188000 0.639344 0.016000 0.022951
2 0.727500 0.892623 0.019000 0.024590
2 0.909000 0.806557 0.020000 0.022951
2 0.444000 0.825410 0.014000 0.021311
3 0.645000 0.941803 0.014000 0.021311