3 0.862370 0.936669 0.017907 0.023155
2 0.912888 0.867885 0.018117 0.023130
3 0.709718 0.737869 0.018302 0.023050
3 0.249252 0.810804 0.017093 0.021943
1 0.752360 0.407978 0.019651 0.021687
3 0.442989 0.936252 0.017061 0.021705
1 0.311051 0.508948 0.019804 0.021753
1 0.825013 0.607049 0.019985 0.021824
2 0.562877 0.417539 0.018880 0.022797
1 0.390786 0.652233 0.020079 0.021651
1 0.537982 0.131653 0.019423 0.019748
1 0.897209 0.615237 0.019434 0.021453
3 0.387171 0.839353 0.015892 0.020872
3 0.814428 0.832690 0.016625 0.022036
4 0.593836 0.113675 0.018253 0.018706
0 0.823357 0.701857 0.005543 0.143675
0 0.895604 0.709507 0.005258 0.145203
0 0.536558 0.226345 0.004545 0.147869
0 0.309703 0.601503 0.004992 0.138944
0 0.860906 0.835138 0.006741 0.141204
0 0.814228 0.734098 0.006649 0.136200
0 0.709287 0.637564 0.006403 0.141320
0 0.248726 0.715328 0.006759 0.136261
0 0.751416 0.503670 0.006358 0.149581
