2 665.334839 352.423584 19.115356 14.642609
2 377.995911 393.823120 19.488800 14.662384
1 680.242126 222.258209 22.027954 15.405716
4 797.222107 113.530075 22.905151 13.648003
4 445.033173 74.067764 21.364075 13.047096
4 637.677734 182.321259 21.908875 13.812180
2 821.625671 268.618866 21.360352 15.922180
3 269.621887 558.963867 19.089172 13.647339
4 362.692810 182.048706 22.432098 12.877396
2 889.391724 234.720215 19.036316 14.311050
2 148.431793 460.386963 19.321365 14.429688
3 712.387573 401.648438 17.923096 14.339691
1 186.616943 202.108978 23.701157 14.143234
4 864.292236 69.192169 20.438416 12.885868
0 377.435638 299.957214 8.054688 151.015625
4 49.186554 69.593857 19.857048 11.762829
0 666.769043 297.106842 7.739075 75.381592
0 862.701233 125.555664 6.332886 83.775452
0 268.806885 465.677063 7.146179 151.851898
0 361.252045 271.839355 7.388123 150.924774
0 636.319458 238.604736 7.174255 86.151505
0 184.863831 290.889008 7.655502 153.292404
0 797.068909 167.438293 6.811157 79.273407
0 888.540344 175.833786 8.107178 78.703156
0 678.199707 277.325928 8.018250 81.830841
0 48.178009 159.003113 6.052166 153.452362
0 711.097290 342.759705 7.933044 80.374725
0 820.902710 209.893707 7.143372 79.296906
0 147.839447 367.007477 8.025253 150.143982
0 148.267960 367.127106 5.386108 153.292542
5 917.670410 75.291145 39.948669 32.265545
