3 0.031500 0.825410 0.019000 0.024590
3 0.341000 0.940984 0.016000 0.019672
3 0.618000 0.942623 0.018000 0.016393
4 0.168500 0.117213 0.019000 0.018033
2 0.419500 0.850820 0.021000 0.022951
2 0.781500 0.829508 0.017000 0.026230
2 0.839000 0.803279 0.016000 0.019672
2 0.917500 0.728689 0.019000 0.024590
4 0.888000 0.426230 0.022000 0.022951
1 0.394500 0.501639 0.021000 0.019672
1 0.444000 0.515574 0.020000 0.021311
1 0.721000 0.410656 0.020000 0.021311
1 0.817000 0.531967 0.018000 0.024590
0 0.030500 0.686066 0.007000 0.231148
0 0.167000 0.254098 0.006000 0.229508
0 0.342500 0.800820 0.005000 0.221311
0 0.395500 0.640164 0.005000 0.231148
0 0.422000 0.718033 0.006000 0.222951
0 0.618500 0.840164 0.005000 0.142623
0 0.718500 0.505738 0.005000 0.152459
0 0.782500 0.728689 0.007000 0.132787
0 0.817000 0.627869 0.004000 0.150820
0 0.838500 0.695902 0.007000 0.132787
0 0.888000 0.518033 0.006000 0.137705