3 0.035500 0.940984 0.015000 0.019672
3 0.410000 0.918033 0.018000 0.022951
3 0.537000 0.740164 0.018000 0.021311
3 0.723500 0.723770 0.015000 0.021311
3 0.840000 0.939344 0.018000 0.022951
4 0.188500 0.117213 0.015000 0.018033
1 0.325000 0.334426 0.022000 0.022951
1 0.446500 0.501639 0.021000 0.022951
1 0.614000 0.230328 0.024000 0.024590
1 0.693500 0.383607 0.021000 0.022951
1 0.762000 0.423770 0.024000 0.024590
1 0.918000 0.440164 0.022000 0.021311
2 0.673000 0.663934 0.018000 0.029508
2 0.288000 0.757377 0.022000 0.026230
0 0.035500 0.784426 0.007000 0.237705
0 0.187500 0.263934 0.007000 0.252459
0 0.286500 0.609016 0.005000 0.247541
0 0.325500 0.474590 0.007000 0.254098
0 0.409000 0.766393 0.010000 0.247541
0 0.536000 0.636066 0.010000 0.160656
0 0.611500 0.335246 0.007000 0.162295
0 0.673000 0.554918 0.008000 0.145902
0 0.691000 0.486066 0.008000 0.159016
0 0.724500 0.619672 0.005000 0.144262
0 0.761500 0.523770 0.007000 0.159016
0 0.839000 0.835246 0.008000 0.159016