0 0.043500 0.633607 0.007000 0.234426
0 0.116000 0.409836 0.006000 0.232787
0 0.161000 0.550000 0.006000 0.227869
0 0.251000 0.256557 0.006000 0.237705
0 0.415500 0.792623 0.005000 0.231148
0 0.571500 0.203279 0.005000 0.131148
0 0.701000 0.599180 0.008000 0.122951
0 0.717000 0.552459 0.008000 0.127869
0 0.761000 0.680328 0.006000 0.111475
0 0.780000 0.637705 0.006000 0.127869
0 0.849500 0.848361 0.005000 0.122951
4 0.117500 0.271311 0.023000 0.024590
4 0.251500 0.113115 0.023000 0.026230
4 0.572500 0.114754 0.019000 0.022951
3 0.044000 0.779508 0.022000 0.024590
3 0.415500 0.941803 0.021000 0.024590
3 0.761000 0.780328 0.016000 0.029508
3 0.851500 0.942623 0.015000 0.026230
2 0.161500 0.698361 0.019000 0.022951
2 0.700500 0.691803 0.019000 0.026230
1 0.445000 0.563934 0.018000 0.022951
1 0.716500 0.466393 0.023000 0.027869
1 0.784000 0.552459 0.026000 0.022951
1 0.917000 0.565574 0.020000 0.026230