3 0.290141 0.750491 0.015761 0.021711
1 0.214623 0.456820 0.019583 0.021069
4 0.743467 0.190226 0.019793 0.019869
1 0.443951 0.748137 0.019177 0.020867
1 0.293765 0.580717 0.019837 0.021014
3 0.430069 0.936640 0.016997 0.022181
3 0.151776 0.725552 0.016744 0.021678
1 0.379384 0.686641 0.020874 0.022108
3 0.532946 0.578065 0.017037 0.021395
4 0.908915 0.407857 0.020235 0.020330
3 0.859617 0.936199 0.016808 0.021596
1 0.812948 0.421027 0.020334 0.021411
3 0.611590 0.628902 0.017303 0.021905
3 0.696165 0.705595 0.016998 0.022151
3 0.798417 0.756589 0.016361 0.021559
3 0.368265 0.871025 0.017025 0.021775
1 0.567961 0.126097 0.019646 0.019482
1 0.652163 0.204757 0.020588 0.020141
0 0.151788 0.638442 0.005715 0.119789
0 0.742052 0.320762 0.005272 0.215651
0 0.378142 0.769502 0.006276 0.121925
0 0.566620 0.257262 0.005417 0.215922
0 0.367636 0.786361 0.007339 0.120779
0 0.213247 0.541029 0.005055 0.123701
0 0.429529 0.849496 0.006407 0.119334
0 0.695280 0.571363 0.007012 0.207973
0 0.611144 0.494928 0.006829 0.208631
0 0.650596 0.334617 0.005746 0.217408
0 0.858817 0.800783 0.005993 0.210121
0 0.798678 0.623950 0.006496 0.210874
0 0.532332 0.443470 0.006596 0.209603
