1 0.214500 0.349180 0.021000 0.019672
1 0.265000 0.427049 0.018000 0.014754
1 0.570500 0.117213 0.021000 0.014754
1 0.666500 0.332787 0.021000 0.016393
1 0.825500 0.575410 0.019000 0.022951
4 0.857000 0.504918 0.020000 0.016393
4 0.896000 0.416393 0.020000 0.019672
1 0.445500 0.608197 0.019000 0.019672
3 0.645000 0.594262 0.014000 0.018033
3 0.778500 0.940164 0.015000 0.021311
2 0.831500 0.794262 0.019000 0.018033
2 0.864500 0.723770 0.017000 0.021311
2 0.916500 0.688525 0.017000 0.026230
2 0.254500 0.657377 0.021000 0.019672
3 0.394500 0.944262 0.017000 0.016393
3 0.138000 0.729508 0.014000 0.019672
0 0.139500 0.619672 0.007000 0.160656
0 0.214000 0.458197 0.006000 0.165574
0 0.256000 0.546721 0.004000 0.155738
0 0.265000 0.535246 0.006000 0.165574
0 0.393500 0.835246 0.007000 0.168852
0 0.569000 0.213115 0.004000 0.150820
0 0.646500 0.498361 0.007000 0.144262
0 0.665500 0.427869 0.005000 0.147541
0 0.778500 0.840984 0.005000 0.140984
0 0.824000 0.675410 0.004000 0.147541
0 0.832000 0.686066 0.006000 0.126230
0 0.857500 0.604918 0.005000 0.140984
0 0.864500 0.622951 0.007000 0.134426
0 0.895000 0.516393 0.004000 0.144262