0 0.069500 0.413934 0.005000 0.240984
0 0.114000 0.551639 0.006000 0.227869
0 0.205000 0.257377 0.008000 0.242623
0 0.369000 0.793443 0.006000 0.226230
0 0.547500 0.551639 0.005000 0.188525
0 0.566500 0.462295 0.007000 0.200000
0 0.637000 0.813934 0.006000 0.198361
0 0.702500 0.485246 0.007000 0.200000
0 0.735000 0.645082 0.004000 0.185246
0 0.766500 0.495082 0.007000 0.196721
0 0.790000 0.616393 0.008000 0.193443
0 0.801000 0.550000 0.006000 0.195082
0 0.811500 0.606557 0.007000 0.203279
0 0.857500 0.368852 0.005000 0.200000
0 0.873500 0.447541 0.007000 0.190164
4 0.070500 0.269672 0.021000 0.021311
4 0.205500 0.115574 0.019000 0.018033
4 0.860500 0.248361 0.023000 0.027869
4 0.916000 0.115574 0.024000 0.018033
2 0.113000 0.698361 0.020000 0.016393
2 0.736000 0.775410 0.018000 0.019672
2 0.789000 0.739344 0.022000 0.022951
2 0.874000 0.573770 0.022000 0.026230
3 0.370000 0.940984 0.020000 0.022951
3 0.548000 0.679508 0.014000 0.024590
3 0.640000 0.944262 0.020000 0.032787
1 0.445000 0.412295 0.022000 0.021311
1 0.568500 0.340164 0.021000 0.027869
1 0.702500 0.365574 0.021000 0.019672
1 0.766000 0.377049 0.024000 0.019672