4 0.678260 0.162325 0.020192 0.020748
3 0.614546 0.447474 0.018667 0.023045
3 0.280342 0.687171 0.015762 0.020824
1 0.646491 0.183753 0.018613 0.022886
3 0.442790 0.936097 0.017084 0.022110
1 0.172985 0.353646 0.020315 0.022162
3 0.880519 0.936102 0.017586 0.021784
1 0.285372 0.514888 0.019051 0.021217
1 0.260206 0.489891 0.018773 0.020711
1 0.913971 0.673649 0.020435 0.022214
3 0.257018 0.656616 0.015964 0.021114
3 0.167711 0.524804 0.015746 0.021903
2 0.658787 0.384408 0.018484 0.023235
1 0.104216 0.256867 0.020157 0.020717
1 0.558725 0.115188 0.019181 0.019354
3 0.095233 0.435895 0.017058 0.021975
0 0.613589 0.360098 0.006344 0.115382
0 0.879225 0.849694 0.005583 0.115545
0 0.676338 0.246239 0.005254 0.121470
0 0.557357 0.196785 0.004746 0.120747
0 0.658374 0.294876 0.006366 0.111953
0 0.645837 0.266008 0.005641 0.119226
0 0.103285 0.340094 0.006303 0.116448
