4 0.029500 0.172131 0.021000 0.022951
4 0.343500 0.344262 0.023000 0.022951
4 0.447000 0.114754 0.024000 0.019672
4 0.586000 0.353279 0.022000 0.018033
4 0.746000 0.248361 0.024000 0.024590
4 0.814000 0.181148 0.024000 0.021311
4 0.885000 0.116393 0.024000 0.019672
1 0.916500 0.131148 0.019000 0.019672
1 0.169000 0.373770 0.026000 0.022951
1 0.628000 0.413115 0.022000 0.022951
2 0.901000 0.348361 0.016000 0.021311
2 0.837000 0.432787 0.020000 0.019672
2 0.769500 0.485246 0.023000 0.022951
2 0.611500 0.608197 0.019000 0.019672
3 0.658500 0.683607 0.015000 0.016393
2 0.360000 0.672131 0.022000 0.022951
2 0.128500 0.769672 0.019000 0.021311
3 0.250500 0.920492 0.019000 0.021311
0 0.028500 0.310656 0.007000 0.234426
0 0.127500 0.628689 0.005000 0.227869
0 0.165500 0.509016 0.007000 0.234426
0 0.250000 0.773770 0.008000 0.219672
0 0.342000 0.480328 0.006000 0.229508
0 0.358000 0.525410 0.008000 0.224590
0 0.583500 0.435246 0.005000 0.132787
0 0.614000 0.527049 0.006000 0.116393
0 0.625500 0.494262 0.007000 0.126230
0 0.657500 0.592623 0.007000 0.116393
0 0.745000 0.330328 0.008000 0.122951
0 0.768500 0.392623 0.007000 0.116393
0 0.810500 0.264754 0.005000 0.119672
0 0.837000 0.341803 0.008000 0.116393
0 0.883500 0.202459 0.007000 0.116393
0 0.902500 0.252459 0.007000 0.104918