0 0.026500 0.427049 0.009000 0.306557
0 0.045500 0.504098 0.007000 0.296721
0 0.054500 0.473770 0.007000 0.304918
0 0.095000 0.633607 0.008000 0.290164
0 0.105000 0.597541 0.006000 0.306557
0 0.148000 0.764754 0.008000 0.293443
0 0.220500 0.481967 0.007000 0.295082
0 0.264500 0.662295 0.007000 0.291803
0 0.356000 0.289344 0.006000 0.300000
0 0.538000 0.422951 0.004000 0.157377
0 0.621000 0.759836 0.006000 0.159016
0 0.762000 0.221311 0.008000 0.167213
0 0.890500 0.747541 0.005000 0.144262
0 0.906000 0.689344 0.004000 0.165574
1 0.027000 0.258197 0.022000 0.021311
1 0.055000 0.304098 0.020000 0.021311
1 0.106500 0.422131 0.021000 0.021311
4 0.221500 0.310656 0.027000 0.014754
4 0.357500 0.114754 0.025000 0.019672
4 0.540000 0.321311 0.026000 0.022951
4 0.762000 0.114754 0.026000 0.022951
3 0.047000 0.679508 0.018000 0.021311
3 0.094000 0.811475 0.016000 0.022951
3 0.149500 0.939344 0.021000 0.029508
2 0.266500 0.839344 0.023000 0.029508
2 0.445500 0.831148 0.019000 0.026230
2 0.622500 0.872131 0.019000 0.022951
2 0.890000 0.863115 0.018000 0.027869
2 0.917500 0.832787 0.019000 0.026230
1 0.908000 0.582787 0.018000 0.024590