1 0.913973 0.161666 0.020512 0.022686
4 0.650001 0.297222 0.022357 0.021580
2 0.147651 0.752533 0.019205 0.023829
2 0.901361 0.383726 0.018513 0.023423
2 0.833572 0.439354 0.019788 0.024266
1 0.692040 0.363371 0.021647 0.024490
4 0.361837 0.297253 0.022009 0.020392
2 0.677873 0.575859 0.018687 0.023685
4 0.809168 0.185992 0.023049 0.022128
3 0.724347 0.656529 0.018232 0.023303
2 0.377262 0.643950 0.019977 0.023850
4 0.443966 0.121055 0.021411 0.021479
3 0.268597 0.913852 0.018013 0.021146
1 0.186061 0.330181 0.023198 0.022732
4 0.875906 0.113600 0.021327 0.021378
0 0.723110 0.560046 0.008162 0.131946
0 0.690714 0.452447 0.007077 0.137994
0 0.900789 0.288063 0.007358 0.129134
4 0.049075 0.113672 0.019764 0.019128
0 0.832715 0.342530 0.007316 0.130451
0 0.184476 0.475451 0.007436 0.250302
0 0.268128 0.762406 0.007361 0.249846
0 0.809341 0.273936 0.006534 0.130648
0 0.376523 0.490420 0.007911 0.247938
0 0.679110 0.485380 0.007288 0.124755
0 0.648572 0.389817 0.006109 0.139197
0 0.047972 0.260536 0.006203 0.252501
0 0.361127 0.444838 0.006594 0.250523
0 0.147549 0.599170 0.007833 0.245348
