2 692.859009 541.960205 18.014282 14.160278
4 394.400330 145.637711 22.060516 12.581116
2 181.479263 387.923492 18.537750 13.404663
1 279.094025 222.200790 20.406006 13.267670
1 199.830963 107.734924 20.090988 12.572487
1 915.769165 199.155090 20.915039 13.479782
3 219.446808 394.239014 17.940872 13.530243
2 872.798035 489.044342 19.469238 14.264221
1 445.143311 254.078857 20.738373 13.149368
3 609.107788 571.557312 17.353088 13.619629
3 320.894653 571.996094 18.603088 14.518127
1 228.686646 139.803040 20.379120 12.072983
3 67.861298 540.518066 19.546001 13.537415
2 437.615234 502.318848 18.978912 13.812042
1 656.534668 266.619080 20.859436 13.827850
3 268.204498 483.380432 18.600708 14.011017
4 792.135010 69.463333 20.312561 12.311146
0 871.725586 408.814758 7.579712 125.482086
0 66.482574 421.247375 7.404518 201.884064
0 320.389099 453.021484 7.742523 199.885895
0 692.298584 460.663330 7.102966 123.950195
0 198.338593 219.931320 6.831940 206.116791
0 277.922363 336.200745 7.427094 203.784943
0 392.119141 259.954987 6.971222 210.123062
0 227.581482 258.247559 6.211136 194.906586
0 267.577942 366.515320 6.899109 198.033325
0 790.642151 147.316772 5.702393 127.839378
0 181.085220 271.478394 6.919098 201.799667
0 608.445801 492.005676 6.722168 124.296387
0 150.398758 186.233170 5.801910 207.406708
0 654.777100 344.108337 6.196228 126.722809
0 437.008484 384.522064 7.948273 198.420837
0 227.729874 242.228271 4.838287 176.335495
5 155.228165 78.588608 45.771637 24.561432
