3 66.183578 380.104462 18.230270 13.857544
2 915.532349 555.061890 18.024597 15.088562
3 444.271240 572.859070 17.429230 13.779785
1 768.002441 318.650269 20.123962 13.324249
1 899.179382 418.329285 19.536255 13.905640
1 817.779785 368.254761 19.253723 13.085388
3 873.185730 573.020325 17.226440 13.635620
1 115.871048 153.993103 21.189781 13.550461
3 751.809082 455.415405 17.502563 13.556458
3 201.354431 441.772095 18.935852 13.925812
1 282.873383 160.839813 21.776672 13.401932
3 804.886780 495.492615 16.315430 12.854309
4 602.392212 70.226112 19.783752 13.020275
0 600.978027 122.916656 5.102844 76.938622
0 872.058716 517.907471 6.630188 75.014740
0 65.633965 304.143005 6.678238 118.050446
0 200.529114 365.336243 7.679642 116.827240
0 113.764191 227.345032 5.751907 121.699020
0 804.688293 441.252777 6.657104 74.791260
0 818.266113 418.919434 6.701233 74.073425
0 897.956055 470.678436 5.393738 76.739197
0 545.200806 228.393219 6.545288 75.005356
0 767.299622 370.175354 5.430176 78.109161
0 751.020752 400.626465 7.275269 75.631195
0 282.061523 234.478424 7.634857 119.941605
5 547.208008 282.163574 37.599915 31.345123
