4 0.252039 0.322829 0.023062 0.021565
4 0.827210 0.310861 0.018655 0.019527
2 0.280478 0.633771 0.021218 0.024808
1 0.443573 0.225204 0.019943 0.021326
2 0.149585 0.825878 0.019804 0.024106
2 0.659470 0.409395 0.018871 0.022928
1 0.759676 0.213671 0.020706 0.021437
4 0.078007 0.398856 0.022494 0.021165
4 0.682620 0.113107 0.018372 0.018959
1 0.913367 0.324151 0.019609 0.021798
2 0.438276 0.470939 0.018628 0.023413
4 0.588881 0.355518 0.019687 0.020638
3 0.811845 0.608054 0.016835 0.020871
2 0.596297 0.617481 0.018628 0.022726
3 0.730974 0.574009 0.017718 0.021654
3 0.790653 0.597214 0.015269 0.022533
4 0.392746 0.113634 0.021700 0.021280
3 0.873246 0.739360 0.018579 0.022334
4 0.649651 0.135659 0.019810 0.020254
1 0.800773 0.322053 0.018404 0.020504
0 0.828259 0.422794 0.005398 0.178537
0 0.730465 0.454962 0.006729 0.179590
0 0.799944 0.440505 0.005152 0.185951
0 0.758105 0.328792 0.005336 0.184990
0 0.648695 0.252369 0.005430 0.185877
0 0.657885 0.286175 0.006490 0.177942
0 0.872739 0.619844 0.006053 0.182492
0 0.588107 0.475807 0.006349 0.184819
0 0.595682 0.495795 0.007791 0.173759
0 0.391742 0.231121 0.005884 0.191837
0 0.149070 0.703938 0.006971 0.183988
0 0.681368 0.230413 0.005254 0.187004
0 0.076392 0.517726 0.006266 0.192168
0 0.790788 0.479129 0.007009 0.180585
0 0.279596 0.539993 0.006412 0.124168
