4 0.285000 0.162420 0.021862 0.020925
2 0.784808 0.735811 0.019480 0.023650
3 0.568142 0.657699 0.017730 0.020744
3 0.443405 0.588236 0.018025 0.021569
2 0.910940 0.870610 0.018282 0.023365
3 0.092607 0.935780 0.017465 0.022038
3 0.618733 0.746868 0.016712 0.020797
2 0.312929 0.484742 0.019899 0.023100
1 0.904062 0.604173 0.019295 0.020648
1 0.584397 0.347979 0.019082 0.020747
1 0.812865 0.370312 0.020186 0.021154
4 0.359826 0.113360 0.021175 0.020443
3 0.882938 0.935935 0.016719 0.021887
4 0.704387 0.113879 0.020382 0.020401
0 0.566551 0.538074 0.005925 0.182389
0 0.784274 0.614592 0.005990 0.181813
0 0.902528 0.719287 0.006071 0.191043
0 0.583072 0.463464 0.004654 0.185645
0 0.702331 0.229628 0.005735 0.188212
0 0.882284 0.817337 0.006832 0.182900
0 0.358763 0.235050 0.005600 0.200798
0 0.092048 0.811769 0.006653 0.196353
0 0.283256 0.286157 0.005654 0.198993
0 0.618449 0.626157 0.006670 0.180992
1 0.011526 0.462748 0.017916 0.020572
