3 0.092500 0.519672 0.017000 0.019672
3 0.445000 0.942623 0.018000 0.019672
3 0.573500 0.563115 0.021000 0.027869
3 0.627000 0.606557 0.016000 0.026230
3 0.695500 0.693443 0.019000 0.022951
3 0.759500 0.719672 0.015000 0.026230
3 0.895500 0.940164 0.019000 0.021311
1 0.175500 0.127049 0.017000 0.021311
1 0.591500 0.394262 0.021000 0.024590
1 0.639500 0.450000 0.021000 0.021311
1 0.721000 0.504098 0.022000 0.024590
1 0.776000 0.550820 0.016000 0.019672
1 0.917000 0.763115 0.018000 0.027869
0 0.092500 0.407377 0.007000 0.155738
0 0.175000 0.231148 0.008000 0.170492
0 0.574000 0.490984 0.006000 0.086885
0 0.590500 0.459016 0.009000 0.091803
0 0.628000 0.543443 0.008000 0.093443
0 0.641500 0.509016 0.007000 0.090164
0 0.696000 0.625410 0.006000 0.096721
0 0.720500 0.570492 0.007000 0.091803
0 0.758500 0.649180 0.007000 0.088525
0 0.775500 0.616393 0.007000 0.095082
0 0.895000 0.871311 0.008000 0.086885