1 0.444039 0.176350 0.022272 0.023126
1 0.659688 0.210014 0.020622 0.022557
1 0.860061 0.359863 0.022111 0.022244
2 0.873927 0.647746 0.019148 0.024421
4 0.913527 0.263492 0.021331 0.020937
2 0.600301 0.701352 0.019425 0.023212
4 0.097290 0.380406 0.022093 0.020905
3 0.782589 0.936284 0.017688 0.022097
3 0.383608 0.483845 0.019502 0.023270
2 0.105854 0.589399 0.019985 0.023342
2 0.291043 0.387329 0.020556 0.023791
1 0.696700 0.316925 0.021197 0.022089
2 0.689134 0.573682 0.020256 0.024572
1 0.313645 0.153274 0.022377 0.021358
4 0.250453 0.114205 0.020672 0.021014
0 0.105287 0.489162 0.006756 0.139526
0 0.858715 0.471137 0.006500 0.180163
0 0.382616 0.384990 0.005898 0.141342
0 0.095743 0.479170 0.006296 0.147033
0 0.695274 0.429040 0.007207 0.179243
0 0.289969 0.287425 0.006520 0.139678
0 0.600166 0.583883 0.005972 0.172136
0 0.657778 0.322929 0.006312 0.181439
0 0.248220 0.211727 0.005715 0.150469
0 0.782003 0.821423 0.007450 0.177882
