0 0.011500 0.528689 0.007000 0.129508
0 0.020500 0.534426 0.007000 0.121311
0 0.165000 0.287705 0.006000 0.132787
0 0.207000 0.356557 0.008000 0.126230
0 0.228500 0.322131 0.007000 0.139344
0 0.299500 0.437705 0.005000 0.118033
0 0.436000 0.192623 0.008000 0.122951
0 0.547000 0.559836 0.004000 0.132787
0 0.554500 0.544262 0.003000 0.144262
0 0.643500 0.848361 0.007000 0.145902
0 0.718500 0.577869 0.007000 0.139344
0 0.736000 0.627049 0.006000 0.129508
0 0.840500 0.277049 0.005000 0.140984
0 0.847000 0.290984 0.004000 0.126230
0 0.873000 0.209836 0.006000 0.140984
4 0.015500 0.436885 0.021000 0.018033
4 0.165500 0.198361 0.021000 0.016393
4 0.438000 0.118852 0.026000 0.018033
4 0.842000 0.185246 0.024000 0.026230
4 0.875000 0.117213 0.022000 0.024590
2 0.024500 0.632787 0.023000 0.026230
2 0.207000 0.450000 0.022000 0.018033
2 0.443000 0.302459 0.022000 0.027869
2 0.547000 0.658197 0.022000 0.027869
2 0.734000 0.715574 0.018000 0.024590
2 0.850000 0.395902 0.022000 0.027869
3 0.300500 0.536066 0.021000 0.026230
3 0.644000 0.944262 0.018000 0.029508
3 0.916000 0.454918 0.018000 0.024590
1 0.557000 0.448361 0.024000 0.021311
1 0.720500 0.481967 0.023000 0.019672
1 0.228500 0.232787 0.017000 0.016393