0 0.024000 0.850000 0.006000 0.122951
0 0.115000 0.687705 0.004000 0.122951
0 0.132500 0.711475 0.007000 0.124590
0 0.315500 0.390984 0.005000 0.126230
0 0.325000 0.402459 0.008000 0.122951
0 0.649500 0.520492 0.007000 0.116393
0 0.690000 0.637705 0.006000 0.114754
0 0.698000 0.621311 0.006000 0.114754
0 0.707500 0.640164 0.007000 0.103279
0 0.752500 0.537705 0.007000 0.111475
0 0.770500 0.580328 0.009000 0.104918
3 0.024000 0.940164 0.020000 0.021311
2 0.134000 0.807377 0.022000 0.024590
2 0.325500 0.498361 0.021000 0.022951
2 0.690000 0.719672 0.018000 0.029508
2 0.772500 0.667213 0.019000 0.026230
4 0.119000 0.605738 0.022000 0.024590
4 0.317500 0.309836 0.025000 0.022951
4 0.444000 0.115574 0.020000 0.024590
4 0.649500 0.441803 0.021000 0.024590
4 0.751500 0.454918 0.023000 0.024590
1 0.698500 0.540164 0.021000 0.024590
4 0.916000 0.113934 0.024000 0.024590
3 0.709000 0.725410 0.016000 0.021311