3 0.656274 0.685112 0.017717 0.022657
1 0.269840 0.415735 0.020292 0.022547
4 0.813606 0.446306 0.019887 0.021282
3 0.749605 0.744416 0.018961 0.023854
3 0.443083 0.936245 0.016471 0.022101
3 0.191922 0.505096 0.017198 0.021841
2 0.794176 0.677950 0.018273 0.023337
3 0.912811 0.935876 0.017123 0.022607
1 0.694120 0.395143 0.019789 0.021556
1 0.357043 0.586420 0.019443 0.021308
3 0.264584 0.617228 0.016421 0.021512
1 0.201416 0.293685 0.019786 0.021443
2 0.075502 0.356807 0.019902 0.022924
1 0.100564 0.121708 0.018118 0.019667
3 0.377516 0.819034 0.016603 0.023090
1 0.382042 0.617998 0.018927 0.020873
3 0.353752 0.784359 0.015529 0.022479
1 0.782431 0.468290 0.017717 0.021988
0 0.793488 0.587343 0.006348 0.118363
1 0.051359 0.114974 0.018800 0.019692
0 0.190896 0.404865 0.006818 0.146462
0 0.199582 0.388226 0.005926 0.144504
0 0.098349 0.220635 0.005075 0.147257
0 0.049780 0.211485 0.004746 0.147148
0 0.692726 0.480283 0.005273 0.128108
0 0.076609 0.258658 0.006618 0.143314
0 0.792508 0.582611 0.005842 0.112852
0 0.748920 0.654028 0.006996 0.120504
