1 0.254000 0.348361 0.018000 0.018033
1 0.306000 0.427049 0.022000 0.021311
1 0.655500 0.229508 0.023000 0.019672
1 0.751000 0.411475 0.016000 0.016393
1 0.910500 0.621311 0.023000 0.026230
0 0.179500 0.620492 0.007000 0.162295
0 0.254500 0.455738 0.007000 0.170492
0 0.295500 0.550820 0.005000 0.163934
0 0.305000 0.536885 0.004000 0.172131
0 0.434000 0.836066 0.006000 0.160656
0 0.529500 0.202459 0.005000 0.126230
0 0.609500 0.448361 0.005000 0.113115
0 0.653500 0.313934 0.005000 0.126230
0 0.731500 0.556557 0.007000 0.119672
0 0.749500 0.496721 0.005000 0.121311
0 0.863000 0.854098 0.006000 0.121311
3 0.179000 0.730328 0.014000 0.021311
2 0.294500 0.657377 0.017000 0.022951
3 0.433500 0.940164 0.015000 0.021311
1 0.445000 0.701639 0.018000 0.016393
2 0.608500 0.531148 0.019000 0.022951
3 0.732500 0.645082 0.019000 0.018033
3 0.862500 0.940164 0.017000 0.021311
2 0.917500 0.818852 0.019000 0.027869
0 0.909000 0.706557 0.006000 0.127869