3 0.798851 0.836853 0.018057 0.021773
1 0.913614 0.701409 0.018939 0.020704
4 0.682524 0.186442 0.020509 0.020715
1 0.841513 0.494085 0.020379 0.022601
2 0.651779 0.501399 0.019485 0.023444
3 0.530712 0.773342 0.016488 0.021906
1 0.416929 0.690844 0.020519 0.022134
3 0.903775 0.935978 0.016996 0.021752
1 0.626302 0.204717 0.020383 0.021444
1 0.337650 0.536942 0.019932 0.021031
3 0.275507 0.856175 0.017033 0.022275
3 0.413205 0.885946 0.016532 0.021476
3 0.443169 0.936145 0.015523 0.020617
0 0.650891 0.396783 0.006643 0.143839
0 0.902828 0.834417 0.006497 0.146032
0 0.839443 0.594157 0.005594 0.151539
0 0.336359 0.634529 0.005259 0.150443
0 0.529238 0.670711 0.006932 0.146971
0 0.275115 0.756444 0.006995 0.146398
0 0.798232 0.734326 0.006303 0.150856
0 0.681298 0.285732 0.005164 0.154345
