0 0.030500 0.410656 0.005000 0.155738
0 0.113000 0.229508 0.008000 0.163934
0 0.382500 0.836885 0.005000 0.168852
0 0.563000 0.406557 0.008000 0.144262
0 0.587000 0.309836 0.008000 0.147541
0 0.625500 0.450820 0.007000 0.147541
0 0.641500 0.388525 0.007000 0.147541
0 0.760000 0.844262 0.004000 0.154098
0 0.857500 0.480328 0.007000 0.147541
0 0.883500 0.575410 0.005000 0.140984
3 0.031000 0.518033 0.018000 0.016393
3 0.383500 0.942623 0.019000 0.016393
3 0.563500 0.505738 0.019000 0.021311
3 0.627000 0.551639 0.018000 0.021311
3 0.762500 0.941803 0.019000 0.024590
2 0.884000 0.673770 0.016000 0.019672
1 0.113500 0.125410 0.019000 0.021311
1 0.444500 0.593443 0.017000 0.016393
1 0.589500 0.213115 0.021000 0.022951
1 0.643000 0.292623 0.016000 0.018033
1 0.858000 0.381967 0.018000 0.019672
4 0.915500 0.363934 0.019000 0.019672