1 0.825345 0.441294 0.020179 0.021969
3 0.442996 0.936484 0.016646 0.021068
1 0.330874 0.529680 0.020377 0.020984
3 0.913385 0.936952 0.015727 0.021244
3 0.782788 0.802067 0.018671 0.022696
1 0.610319 0.132498 0.020087 0.020590
3 0.407006 0.874170 0.015410 0.020409
1 0.410301 0.680487 0.020001 0.021302
2 0.635422 0.445301 0.019149 0.023344
1 0.897201 0.662250 0.019668 0.021129
3 0.887124 0.907167 0.016481 0.020997
3 0.268846 0.843922 0.017853 0.021190
4 0.666203 0.113527 0.017859 0.018753
0 0.608933 0.235767 0.005396 0.163070
0 0.268031 0.744475 0.006310 0.143621
0 0.886022 0.801298 0.006276 0.153461
0 0.823449 0.545753 0.004975 0.164191
0 0.634798 0.336339 0.006610 0.154289
0 0.665231 0.219359 0.004906 0.163063
0 0.895608 0.763819 0.004813 0.156997
0 0.329806 0.624949 0.005988 0.147469
