2 0.833371 0.798066 0.018640 0.024030
2 0.910565 0.720790 0.017831 0.022698
1 0.813287 0.528733 0.019765 0.021577
4 0.883275 0.424009 0.021679 0.021370
1 0.395363 0.498074 0.020006 0.020966
2 0.775562 0.824227 0.020024 0.024296
1 0.715569 0.407915 0.019333 0.021278
2 0.419101 0.845832 0.019733 0.023422
3 0.615271 0.936061 0.017804 0.022255
1 0.443768 0.512388 0.019679 0.020730
3 0.341817 0.936099 0.017253 0.021437
4 0.167861 0.113845 0.020367 0.019359
3 0.030716 0.818053 0.017915 0.021682
0 0.613529 0.837310 0.006015 0.142328
0 0.881832 0.520171 0.005034 0.145954
0 0.777079 0.728717 0.006917 0.133540
0 0.166650 0.249178 0.005962 0.230701
0 0.832737 0.697142 0.006503 0.144198
0 0.393582 0.632920 0.005758 0.227808
0 0.341422 0.797584 0.006416 0.222505
0 0.713825 0.503823 0.004917 0.148865
0 0.420353 0.708294 0.007223 0.215551
0 0.030434 0.678395 0.007857 0.222665
