2 0.823086 0.468568 0.016816 0.025793
2 0.017726 0.829081 0.019177 0.024215
1 0.831497 0.246231 0.020158 0.022656
2 0.590995 0.874295 0.018531 0.023773
4 0.886164 0.130989 0.021664 0.021117
4 0.638800 0.502699 0.022230 0.021387
4 0.566220 0.582804 0.022258 0.021805
4 0.232214 0.506001 0.022304 0.021444
2 0.439146 0.348779 0.018956 0.023327
2 0.247348 0.755925 0.020241 0.024219
3 0.138861 0.936518 0.018267 0.021545
2 0.904313 0.397549 0.018323 0.022706
2 0.656563 0.768383 0.019789 0.023802
3 0.841272 0.476762 0.017261 0.023602
4 0.430467 0.113321 0.022975 0.021286
1 0.056029 0.526861 0.021771 0.022080
4 0.783045 0.114797 0.022623 0.022939
0 0.245813 0.644117 0.007593 0.163945
0 0.230826 0.613324 0.006719 0.166992
0 0.590340 0.771425 0.006945 0.143712
0 0.902152 0.293772 0.007418 0.142898
0 0.840069 0.371525 0.007350 0.141185
0 0.636786 0.601809 0.006377 0.149708
0 0.016875 0.715836 0.007999 0.161482
0 0.138510 0.826605 0.008012 0.167557
0 0.823300 0.365543 0.007688 0.143488
0 0.830675 0.344293 0.005623 0.149485
0 0.564484 0.678845 0.006692 0.152947
0 0.428699 0.221385 0.006431 0.167651
0 0.054415 0.634712 0.006865 0.169905
0 0.884048 0.233698 0.007331 0.151278
