1 0.044000 0.114754 0.018000 0.019672
1 0.212000 0.127049 0.016000 0.018033
1 0.651000 0.428689 0.016000 0.018033
1 0.701000 0.487705 0.020000 0.014754
1 0.782500 0.551639 0.017000 0.021311
1 0.836000 0.604098 0.018000 0.021311
3 0.129000 0.561475 0.014000 0.021311
3 0.445000 0.940984 0.016000 0.022951
3 0.636000 0.613115 0.018000 0.022951
3 0.689000 0.663115 0.014000 0.021311
3 0.756500 0.758197 0.015000 0.024590
3 0.820000 0.788525 0.014000 0.026230
3 0.915500 0.940164 0.015000 0.024590
0 0.043500 0.232787 0.005000 0.186885
0 0.131000 0.440164 0.008000 0.175410
0 0.212500 0.243443 0.005000 0.191803
0 0.635500 0.538525 0.009000 0.096721
0 0.651500 0.501639 0.005000 0.098361
0 0.689000 0.590984 0.006000 0.100000
0 0.702500 0.560656 0.005000 0.098361
0 0.757000 0.685246 0.006000 0.098361
0 0.782500 0.625410 0.007000 0.096721
0 0.820000 0.712295 0.006000 0.096721
0 0.835500 0.676230 0.005000 0.103279