0 0.036500 0.521311 0.007000 0.334426
0 0.083500 0.305738 0.005000 0.336066
0 0.167500 0.695082 0.007000 0.324590
0 0.250500 0.306557 0.009000 0.334426
0 0.281000 0.437705 0.006000 0.314754
0 0.300500 0.364754 0.007000 0.329508
0 0.319500 0.454918 0.005000 0.322951
0 0.328500 0.423770 0.005000 0.332787
0 0.368000 0.604918 0.006000 0.331148
0 0.379000 0.555738 0.004000 0.337705
0 0.422500 0.746721 0.009000 0.319672
0 0.568500 0.242623 0.005000 0.206557
0 0.646000 0.636885 0.008000 0.191803
0 0.698000 0.400820 0.006000 0.208197
0 0.787000 0.809836 0.006000 0.196721
0 0.833500 0.571311 0.005000 0.204918
0 0.870500 0.767213 0.007000 0.209836
4 0.084500 0.117213 0.021000 0.018033
4 0.568000 0.115574 0.020000 0.018033
4 0.916000 0.409016 0.020000 0.018033
2 0.038500 0.712295 0.019000 0.021311
2 0.282500 0.640164 0.015000 0.021311
2 0.871000 0.892623 0.018000 0.024590
1 0.301500 0.180328 0.017000 0.022951
1 0.329000 0.231967 0.022000 0.021311
1 0.381500 0.368852 0.023000 0.016393
1 0.447000 0.481967 0.022000 0.022951
1 0.699000 0.277049 0.022000 0.022951
1 0.836500 0.446721 0.023000 0.024590
3 0.170000 0.890984 0.022000 0.027869
3 0.369500 0.796721 0.021000 0.022951
3 0.421500 0.940984 0.019000 0.022951
3 0.649500 0.772131 0.019000 0.029508
3 0.787500 0.941803 0.019000 0.027869
3 0.321000 0.649180 0.016000 0.022951