1 0.150500 0.125410 0.019000 0.018033
1 0.300000 0.314754 0.020000 0.019672
1 0.447000 0.413934 0.022000 0.018033
1 0.792500 0.249180 0.021000 0.019672
1 0.856500 0.283607 0.021000 0.026230
4 0.559000 0.114754 0.016000 0.019672
4 0.916000 0.260656 0.022000 0.026230
4 0.060500 0.117213 0.023000 0.018033
2 0.105500 0.599180 0.023000 0.024590
2 0.823500 0.631148 0.017000 0.029508
3 0.250000 0.802459 0.020000 0.024590
3 0.385000 0.941803 0.022000 0.024590
3 0.684000 0.940984 0.018000 0.019672
0 0.059500 0.269672 0.007000 0.260656
0 0.104500 0.438525 0.003000 0.257377
0 0.150000 0.281967 0.006000 0.268852
0 0.250000 0.645082 0.006000 0.267213
0 0.298000 0.468852 0.004000 0.262295
0 0.384000 0.775410 0.006000 0.245902
0 0.557500 0.232787 0.007000 0.183607
0 0.683500 0.822131 0.007000 0.181967
0 0.792000 0.363934 0.006000 0.190164
0 0.824500 0.513115 0.007000 0.177049
0 0.857500 0.392623 0.005000 0.185246
0 0.885500 0.503279 0.009000 0.170492