4 0.025500 0.619672 0.023000 0.022951
4 0.223500 0.337705 0.025000 0.022951
4 0.376000 0.116393 0.024000 0.019672
4 0.725500 0.118033 0.025000 0.022951
2 0.040000 0.813115 0.018000 0.022951
2 0.231500 0.522951 0.019000 0.022951
2 0.418000 0.354098 0.020000 0.026230
2 0.444000 0.322951 0.020000 0.022951
2 0.554500 0.869672 0.021000 0.024590
2 0.804000 0.575410 0.020000 0.022951
2 0.893000 0.475410 0.018000 0.022951
4 0.534000 0.619672 0.022000 0.019672
1 0.864000 0.187705 0.022000 0.024590
1 0.902000 0.269672 0.022000 0.021311
3 0.917000 0.508197 0.018000 0.022951
0 0.024000 0.704098 0.006000 0.119672
0 0.040000 0.723770 0.008000 0.113115
0 0.223500 0.422951 0.009000 0.121311
0 0.232000 0.426230 0.006000 0.101639
0 0.375500 0.201639 0.007000 0.121311
0 0.417500 0.262295 0.007000 0.111475
0 0.534500 0.715574 0.007000 0.139344
0 0.553000 0.770492 0.006000 0.134426
0 0.724000 0.205738 0.008000 0.139344
0 0.803500 0.478689 0.007000 0.131148
0 0.862000 0.281148 0.008000 0.142623
0 0.893000 0.377869 0.008000 0.126230
0 0.900000 0.360656 0.008000 0.131148
1 0.442500 0.149180 0.023000 0.026230