0 0.072500 0.693443 0.007000 0.321311
0 0.156500 0.308197 0.005000 0.344262
0 0.187500 0.445082 0.005000 0.326230
0 0.205500 0.367213 0.007000 0.334426
0 0.225000 0.455738 0.008000 0.321311
0 0.233500 0.419672 0.005000 0.337705
0 0.272500 0.597541 0.005000 0.322951
0 0.284500 0.553279 0.007000 0.332787
0 0.327000 0.745902 0.008000 0.321311
0 0.399000 0.427869 0.004000 0.331148
0 0.562500 0.390984 0.007000 0.208197
0 0.651500 0.808197 0.005000 0.196721
0 0.698000 0.563934 0.006000 0.209836
0 0.736000 0.758197 0.006000 0.201639
0 0.833000 0.240984 0.006000 0.209836
1 0.206000 0.179508 0.022000 0.021311
1 0.234000 0.232787 0.022000 0.016393
1 0.284500 0.366393 0.019000 0.021311
1 0.563000 0.266393 0.018000 0.021311
1 0.698000 0.439344 0.018000 0.019672
3 0.074000 0.890164 0.018000 0.019672
3 0.274000 0.796721 0.016000 0.019672
3 0.328500 0.943443 0.023000 0.024590
3 0.652500 0.943443 0.019000 0.027869
2 0.445000 0.827869 0.020000 0.022951
2 0.735500 0.891803 0.015000 0.022951
2 0.916500 0.804918 0.019000 0.019672
2 0.187000 0.637705 0.018000 0.019672
3 0.225500 0.649180 0.017000 0.022951
4 0.400500 0.240164 0.019000 0.021311
4 0.835000 0.116393 0.022000 0.026230