0 0.132500 0.281967 0.007000 0.193443
0 0.162000 0.363115 0.008000 0.195082
0 0.206000 0.240164 0.004000 0.201639
0 0.292000 0.469672 0.006000 0.201639
0 0.375000 0.239344 0.006000 0.200000
0 0.405500 0.318033 0.005000 0.193443
0 0.423500 0.275410 0.007000 0.200000
0 0.562500 0.820492 0.007000 0.191803
0 0.582500 0.724590 0.005000 0.183607
0 0.591000 0.755738 0.008000 0.183607
0 0.700500 0.234426 0.005000 0.193443
0 0.768500 0.554098 0.007000 0.196721
0 0.822500 0.300000 0.007000 0.186885
0 0.862000 0.478689 0.006000 0.177049
0 0.881000 0.401639 0.006000 0.186885
4 0.133500 0.164754 0.023000 0.021311
4 0.208000 0.115574 0.020000 0.018033
1 0.426000 0.154918 0.024000 0.024590
1 0.823000 0.183607 0.018000 0.016393
1 0.883500 0.284426 0.021000 0.021311
4 0.702000 0.115574 0.022000 0.018033
2 0.161500 0.488525 0.021000 0.019672
2 0.407000 0.445082 0.020000 0.024590
2 0.591500 0.874590 0.019000 0.024590
2 0.769500 0.672131 0.017000 0.026230
2 0.862500 0.604918 0.015000 0.022951
3 0.917000 0.685246 0.018000 0.026230
3 0.294000 0.592623 0.020000 0.024590
3 0.444000 0.450000 0.016000 0.018033
1 0.585000 0.609016 0.022000 0.024590