4 0.563933 0.317889 0.022707 0.022318
2 0.913143 0.858701 0.018070 0.023047
1 0.106106 0.419485 0.020181 0.020735
2 0.644990 0.868168 0.019103 0.023726
1 0.026820 0.253421 0.019935 0.019753
1 0.055837 0.300302 0.021237 0.020503
3 0.148130 0.936145 0.017808 0.022456
2 0.443359 0.825279 0.018852 0.024527
4 0.221045 0.308080 0.023054 0.021437
4 0.785852 0.114282 0.020977 0.021036
2 0.264289 0.834614 0.019567 0.023298
3 0.095070 0.807421 0.017712 0.022560
4 0.355688 0.113305 0.020909 0.019758
3 0.046096 0.676908 0.017100 0.021206
0 0.644120 0.759126 0.006097 0.159078
0 0.104846 0.591085 0.007179 0.303271
0 0.783846 0.220110 0.005372 0.167604
0 0.353875 0.281793 0.006863 0.303843
0 0.147730 0.760921 0.006822 0.293903
0 0.054680 0.470101 0.006753 0.296243
0 0.046069 0.502232 0.007993 0.293067
0 0.263743 0.656662 0.006468 0.286002
0 0.025234 0.420522 0.006611 0.306410
0 0.054658 0.466717 0.004653 0.291383
0 0.046505 0.492872 0.005019 0.269162
