2 665.438782 352.444702 19.287842 14.555450
1 680.234131 222.284302 21.917786 15.391708
4 797.107849 113.492355 23.309448 13.814003
4 444.992035 74.158638 22.005920 13.006180
2 377.974182 393.878845 19.651276 14.500702
4 637.717346 182.148499 22.060425 13.916153
2 821.624023 268.635498 21.450745 15.991577
4 362.689423 181.905319 22.654297 13.006439
3 269.619263 558.977173 19.024750 13.582947
2 889.336304 234.683319 19.127319 14.289139
2 148.330109 460.396423 19.620956 14.329559
3 712.374878 401.679443 17.959839 14.293091
1 186.568130 202.143097 23.744019 14.122879
4 864.269531 69.139923 20.846619 12.938442
0 377.508850 299.758301 8.180023 150.595154
4 49.220490 69.662010 20.287163 11.942310
0 666.747192 297.139648 7.846008 75.317596
0 268.842255 465.823425 7.565674 152.226044
0 862.663940 125.566940 6.404419 83.810089
0 184.836060 290.922058 7.708023 153.070129
0 361.172516 271.857758 7.459534 150.611633
0 636.342285 238.621368 7.298523 86.149033
0 797.107300 167.474442 6.766357 79.669472
0 678.201721 277.286377 8.142212 81.733658
0 888.924927 175.911667 7.941040 78.968079
0 48.112167 159.095154 6.000923 153.241638
0 820.849731 209.832947 7.160889 79.164780
0 711.083130 342.745178 8.081665 80.349457
0 147.873199 366.873352 8.089127 150.012482
0 148.351166 367.101807 5.431717 153.208893
5 917.587646 75.306778 40.419006 32.354927
