2 0.913093 0.351379 0.018467 0.024456
2 0.756608 0.712926 0.017784 0.022543
1 0.665825 0.606958 0.020575 0.022730
4 0.736344 0.467503 0.022598 0.022056
2 0.705690 0.743917 0.018736 0.022939
2 0.152249 0.652877 0.020145 0.023118
4 0.699279 0.544743 0.022536 0.022432
3 0.291130 0.936317 0.017681 0.022330
4 0.443645 0.366531 0.020944 0.020866
3 0.619889 0.935835 0.017524 0.022219
3 0.037562 0.724954 0.017791 0.022396
4 0.895305 0.113334 0.021794 0.022005
1 0.113320 0.346033 0.019948 0.020655
2 0.672593 0.805601 0.019305 0.022415
1 0.163788 0.423491 0.020068 0.021088
0 0.892882 0.201685 0.006162 0.131540
0 0.697600 0.633468 0.005874 0.130274
0 0.705142 0.647774 0.007980 0.120021
0 0.665100 0.694955 0.006311 0.129897
0 0.755956 0.619040 0.007238 0.123185
0 0.153223 0.544036 0.007599 0.158695
0 0.111623 0.454253 0.005787 0.173084
0 0.735309 0.555708 0.005363 0.131375
0 0.037145 0.613963 0.006985 0.165192
0 0.673117 0.709607 0.006948 0.122449
0 0.162094 0.530041 0.006245 0.170234
0 0.618481 0.845486 0.006605 0.130102
0 0.289883 0.825654 0.006781 0.165733
