2 0.192254 0.752415 0.019520 0.023781
1 0.565964 0.387778 0.020061 0.021695
2 0.808738 0.479905 0.019361 0.024382
4 0.406366 0.298109 0.021282 0.020333
1 0.822895 0.225684 0.022318 0.023398
3 0.312891 0.913618 0.017711 0.021365
1 0.229607 0.330038 0.021746 0.021773
4 0.780819 0.144067 0.021770 0.021248
4 0.913391 0.112939 0.019315 0.020020
2 0.421321 0.643887 0.019346 0.023374
3 0.855143 0.582854 0.018335 0.022835
4 0.443916 0.274663 0.020121 0.021115
3 0.642016 0.935248 0.016364 0.022147
4 0.093362 0.113656 0.019969 0.019983
0 0.191335 0.601090 0.008104 0.246451
0 0.854152 0.469526 0.007941 0.165244
0 0.809363 0.373440 0.007861 0.153786
0 0.091785 0.260377 0.006393 0.249743
0 0.779191 0.253295 0.006674 0.171886
0 0.528948 0.596225 0.006802 0.150920
0 0.420550 0.491756 0.008054 0.240762
0 0.641667 0.822957 0.006081 0.166618
0 0.821405 0.332966 0.006861 0.171605
0 0.564515 0.496555 0.005534 0.173309
0 0.228085 0.475338 0.007969 0.249364
0 0.404643 0.442653 0.006779 0.252833
3 0.528302 0.703702 0.015833 0.020921
0 0.228149 0.477352 0.005567 0.254242
