4 0.445000 0.259016 0.020000 0.016393
4 0.879500 0.117213 0.025000 0.021311
4 0.538000 0.398361 0.022000 0.026230
1 0.190000 0.491803 0.024000 0.026230
3 0.157000 0.805738 0.018000 0.024590
3 0.274000 0.941803 0.026000 0.024590
3 0.663000 0.942623 0.018000 0.029508
2 0.912500 0.381148 0.021000 0.031148
0 0.157000 0.681148 0.008000 0.185246
0 0.187500 0.604918 0.007000 0.186885
0 0.272500 0.821311 0.007000 0.186885
0 0.535500 0.486066 0.003000 0.129508
0 0.660500 0.854098 0.005000 0.114754
0 0.877500 0.202459 0.005000 0.126230