2 0.550622 0.930157 0.017358 0.024338
2 0.631170 0.864794 0.018795 0.023333
1 0.914017 0.274990 0.020301 0.023024
2 0.257884 0.518610 0.020156 0.023771
4 0.613168 0.618432 0.022365 0.021838
2 0.066312 0.808133 0.019024 0.023361
1 0.559132 0.723029 0.020664 0.022233
2 0.443477 0.350476 0.018390 0.024382
4 0.250055 0.336510 0.022713 0.021490
2 0.880797 0.567672 0.020187 0.024538
4 0.401509 0.113792 0.022087 0.022277
4 0.051430 0.614163 0.022091 0.021540
4 0.801039 0.114520 0.021801 0.022189
0 0.065157 0.720351 0.006104 0.117917
0 0.630027 0.767106 0.006714 0.129229
0 0.550825 0.831014 0.007265 0.134795
0 0.879427 0.471985 0.006556 0.131505
0 0.050046 0.700354 0.006161 0.124009
0 0.800070 0.205554 0.005994 0.138204
0 0.567049 0.841033 0.007354 0.129743
0 0.611145 0.712424 0.006636 0.135853
0 0.557546 0.816389 0.005589 0.142160
0 0.257777 0.430605 0.007494 0.115895
3 0.567636 0.935539 0.014899 0.021697
0 0.400025 0.197899 0.006980 0.123581
0 0.248388 0.420842 0.007120 0.121715
