0 0.052500 0.679508 0.007000 0.218033
0 0.189000 0.252459 0.006000 0.226230
0 0.364000 0.803279 0.008000 0.226230
0 0.417500 0.638525 0.009000 0.224590
0 0.545500 0.391803 0.007000 0.114754
0 0.562500 0.348361 0.007000 0.119672
0 0.732000 0.859836 0.008000 0.122951
0 0.834000 0.589344 0.006000 0.126230
0 0.896500 0.764754 0.007000 0.109836
3 0.053000 0.822951 0.018000 0.019672
3 0.364500 0.941803 0.017000 0.024590
3 0.735000 0.941803 0.018000 0.024590
1 0.419000 0.502459 0.022000 0.024590
1 0.563500 0.268033 0.021000 0.021311
1 0.834000 0.502459 0.022000 0.021311
1 0.913500 0.650820 0.021000 0.029508
3 0.546000 0.480328 0.018000 0.026230
2 0.896000 0.850000 0.020000 0.027869
4 0.190500 0.117213 0.019000 0.018033
2 0.441500 0.850820 0.015000 0.022951