2 0.912824 0.685678 0.017939 0.022972
1 0.821975 0.572210 0.020653 0.022487
2 0.861986 0.720619 0.018809 0.023064
1 0.664903 0.330022 0.021808 0.022633
2 0.253560 0.652871 0.019911 0.023055
1 0.443569 0.604788 0.020137 0.020925
4 0.855191 0.502161 0.021510 0.021683
3 0.392606 0.936181 0.017641 0.022041
4 0.892324 0.416161 0.021574 0.021189
3 0.775655 0.936228 0.017453 0.022517
2 0.828554 0.789433 0.019295 0.023503
3 0.644283 0.590684 0.018007 0.022176
1 0.214687 0.346055 0.019487 0.020803
3 0.138970 0.725327 0.017756 0.021725
1 0.265172 0.423646 0.019881 0.021043
0 0.644156 0.490150 0.006079 0.142565
1 0.568400 0.114942 0.018614 0.020056
0 0.566516 0.210415 0.005272 0.148516
0 0.829219 0.685985 0.006035 0.135397
0 0.138590 0.614803 0.006872 0.166508
0 0.254920 0.544245 0.006747 0.161266
0 0.853527 0.600430 0.006276 0.143714
0 0.213214 0.454880 0.005966 0.172683
0 0.821425 0.667912 0.005704 0.144190
0 0.391522 0.825438 0.005565 0.167046
0 0.263446 0.529167 0.006163 0.167070
0 0.891775 0.510438 0.004646 0.146673
0 0.861216 0.617086 0.006773 0.134331
0 0.662396 0.426996 0.005176 0.148563
0 0.774799 0.837396 0.006205 0.144089
