3 0.011000 0.636885 0.016000 0.027869
3 0.263000 0.941803 0.016000 0.018033
3 0.546500 0.940984 0.015000 0.022951
3 0.915500 0.508197 0.013000 0.022951
1 0.084500 0.114754 0.019000 0.019672
1 0.135500 0.227049 0.017000 0.021311
1 0.888000 0.242623 0.018000 0.019672
2 0.124000 0.535246 0.020000 0.021311
2 0.445500 0.527049 0.019000 0.021311
2 0.599500 0.809836 0.019000 0.019672
2 0.633500 0.748361 0.017000 0.024590
2 0.685500 0.717213 0.017000 0.021311
0 0.083500 0.259836 0.005000 0.234426
0 0.127000 0.390984 0.008000 0.227869
0 0.134000 0.370492 0.008000 0.239344
0 0.263000 0.795902 0.010000 0.240984
0 0.415500 0.286885 0.007000 0.232787
0 0.546000 0.846721 0.008000 0.122951
0 0.593000 0.696721 0.006000 0.131148
0 0.600000 0.709836 0.008000 0.108197
0 0.626000 0.636066 0.008000 0.131148
0 0.632000 0.650820 0.010000 0.108197
0 0.663500 0.561475 0.007000 0.129508
0 0.684500 0.624590 0.009000 0.124590
0 0.821500 0.205738 0.005000 0.132787
0 0.874000 0.367213 0.008000 0.124590
0 0.888000 0.328689 0.006000 0.132787
4 0.418000 0.145082 0.022000 0.024590
4 0.627000 0.548361 0.022000 0.021311
4 0.664000 0.470492 0.024000 0.022951
4 0.823000 0.116393 0.020000 0.022951
1 0.593000 0.610656 0.020000 0.024590
2 0.874000 0.460656 0.018000 0.026230