3 0.286980 0.936514 0.018580 0.023331
2 0.147101 0.634777 0.018570 0.022423
2 0.646987 0.887221 0.018269 0.023404
4 0.359978 0.238247 0.022645 0.021088
1 0.443642 0.260207 0.020901 0.022235
1 0.913618 0.139501 0.022201 0.023478
3 0.185188 0.644882 0.018559 0.023328
1 0.245034 0.363907 0.021392 0.021678
2 0.826801 0.800158 0.019917 0.024926
3 0.233366 0.791060 0.018908 0.023552
1 0.194581 0.229095 0.020759 0.020208
1 0.165645 0.176501 0.020473 0.020337
2 0.403425 0.821881 0.019875 0.023304
3 0.033525 0.884955 0.018953 0.022357
3 0.563117 0.935721 0.017220 0.022325
1 0.610238 0.436365 0.020730 0.022714
4 0.745843 0.113839 0.020242 0.020065
0 0.402803 0.626779 0.008271 0.331196
0 0.184399 0.449992 0.006783 0.342636
0 0.285793 0.741610 0.007279 0.331661
0 0.646668 0.755861 0.007504 0.202004
0 0.232949 0.594020 0.007272 0.325192
0 0.164993 0.366048 0.006235 0.335437
0 0.608909 0.561305 0.006309 0.203596
0 0.147562 0.444910 0.006788 0.333679
0 0.358394 0.427773 0.006685 0.334073
0 0.826607 0.670313 0.007444 0.204356
0 0.116475 0.306387 0.005530 0.338434
0 0.032646 0.692515 0.007225 0.330177
0 0.193121 0.414704 0.007002 0.354172
0 0.744344 0.240824 0.005554 0.210884
0 0.244262 0.550917 0.006687 0.331727
5 0.120488 0.129219 0.042864 0.037036
