2 0.863453 0.798488 0.018168 0.023763
1 0.745902 0.407969 0.019779 0.021147
1 0.395375 0.498109 0.020038 0.020952
2 0.805682 0.824205 0.020322 0.024414
1 0.843394 0.528767 0.020344 0.022207
2 0.419144 0.845853 0.019666 0.023258
3 0.644944 0.936671 0.017372 0.022610
1 0.443812 0.512594 0.020021 0.021161
4 0.913629 0.424129 0.020287 0.021371
3 0.341801 0.936116 0.017368 0.021460
4 0.167853 0.113876 0.020421 0.019383
3 0.030726 0.817997 0.017949 0.021906
0 0.643837 0.836551 0.006699 0.141423
0 0.807494 0.728122 0.007102 0.133322
0 0.863527 0.697313 0.006414 0.142896
0 0.166644 0.249055 0.005875 0.230175
0 0.341420 0.797155 0.006461 0.223613
0 0.393560 0.633671 0.005378 0.228198
0 0.744376 0.504053 0.005337 0.149042
0 0.420195 0.709004 0.006095 0.215493
0 0.841950 0.624332 0.005647 0.146427
0 0.030423 0.678479 0.007741 0.221945
