4 0.073391 0.162266 0.021505 0.020582
3 0.847783 0.937181 0.019141 0.023743
3 0.432094 0.533662 0.018861 0.023485
1 0.363957 0.150733 0.019972 0.020492
2 0.913592 0.756636 0.017939 0.023962
1 0.443679 0.260088 0.019494 0.020458
3 0.716959 0.757054 0.018421 0.023699
1 0.392881 0.181379 0.020260 0.019911
2 0.346106 0.442511 0.019339 0.023321
2 0.101520 0.484636 0.020690 0.023342
2 0.570141 0.743900 0.019869 0.023869
1 0.899573 0.421579 0.020394 0.020977
2 0.663284 0.667508 0.019253 0.022940
3 0.231935 0.588460 0.019038 0.022501
1 0.681962 0.306760 0.019876 0.020603
4 0.770779 0.253677 0.019842 0.019533
1 0.624420 0.191252 0.020594 0.020999
3 0.383453 0.448339 0.016920 0.022020
4 0.148430 0.113263 0.019207 0.018823
0 0.363056 0.272561 0.005584 0.204400
0 0.382502 0.325292 0.006714 0.196296
0 0.846814 0.802234 0.006279 0.210690
0 0.231102 0.462976 0.005784 0.196924
0 0.391615 0.303794 0.005972 0.197795
0 0.769694 0.385189 0.005321 0.214705
0 0.898345 0.552384 0.005359 0.217877
0 0.569389 0.609173 0.005820 0.208283
0 0.662903 0.532510 0.005853 0.209306
0 0.147022 0.235830 0.005206 0.201944
0 0.716289 0.622668 0.006119 0.209151
0 0.345368 0.316875 0.006486 0.193140
0 0.100877 0.358102 0.006553 0.192048
0 0.314610 0.235764 0.005551 0.201476
0 0.681394 0.437402 0.005636 0.215666
0 0.622984 0.320398 0.005405 0.217063
0 0.072048 0.285352 0.005416 0.198166
0 0.431248 0.409477 0.006247 0.191150
5 0.317415 0.129280 0.047027 0.043739
