4 0.554759 0.199974 0.022151 0.021039
3 0.087220 0.543105 0.016096 0.021839
1 0.708415 0.339258 0.020135 0.022201
3 0.847742 0.893495 0.015891 0.021542
3 0.227390 0.834067 0.018194 0.023014
3 0.695568 0.573346 0.017590 0.022226
3 0.443219 0.936362 0.016842 0.021837
4 0.315967 0.375198 0.021469 0.020652
2 0.577594 0.478108 0.019938 0.023564
1 0.914614 0.719261 0.018491 0.021092
1 0.789988 0.537488 0.019719 0.021253
3 0.165314 0.731190 0.017082 0.021805
4 0.871490 0.615155 0.019852 0.021413
1 0.176722 0.473568 0.020373 0.022063
3 0.826760 0.865682 0.015397 0.020685
1 0.833784 0.649836 0.018350 0.021509
4 0.624174 0.114187 0.018946 0.019887
1 0.090888 0.307922 0.019495 0.021087
3 0.905626 0.935837 0.015834 0.021761
3 0.774785 0.781078 0.017028 0.022519
0 0.847005 0.790311 0.006894 0.135992
0 0.869606 0.711246 0.005599 0.145557
0 0.706837 0.433617 0.005302 0.145789
0 0.175842 0.591732 0.006660 0.186863
0 0.695357 0.474129 0.006545 0.141243
0 0.788633 0.634386 0.006398 0.148680
0 0.226323 0.714802 0.006368 0.183293
0 0.010320 0.231673 0.005163 0.193568
0 0.832975 0.748811 0.005954 0.140083
0 0.314749 0.493328 0.006376 0.188745
0 0.576237 0.377218 0.006797 0.135616
0 0.164606 0.613025 0.008286 0.182563
0 0.825636 0.769968 0.006495 0.142782
0 0.774679 0.680361 0.007912 0.142490
0 0.622762 0.209764 0.004857 0.148757
0 0.552516 0.296766 0.005415 0.144917
0 0.904538 0.836936 0.006407 0.141525
1 0.012996 0.113713 0.018028 0.019880
