4 0.060000 0.116393 0.018000 0.019672
4 0.589500 0.115574 0.019000 0.018033
1 0.150500 0.123770 0.019000 0.021311
1 0.299500 0.313115 0.019000 0.019672
1 0.445500 0.411475 0.021000 0.019672
1 0.823500 0.248361 0.021000 0.021311
1 0.888000 0.281148 0.022000 0.021311
2 0.106000 0.596721 0.016000 0.016393
3 0.250000 0.802459 0.014000 0.021311
3 0.384000 0.940164 0.014000 0.024590
3 0.717000 0.944262 0.022000 0.022951
2 0.857000 0.631967 0.018000 0.021311
0 0.059000 0.272131 0.004000 0.259016
0 0.105500 0.440164 0.005000 0.257377
0 0.150000 0.279508 0.004000 0.267213
0 0.298000 0.467213 0.004000 0.262295
0 0.249000 0.643443 0.004000 0.250820
0 0.385500 0.777869 0.005000 0.250820
0 0.588500 0.230328 0.005000 0.181967
0 0.714500 0.821311 0.005000 0.180328
0 0.823000 0.360656 0.006000 0.183607
0 0.855500 0.510656 0.005000 0.172131
0 0.887500 0.390164 0.003000 0.180328