3 0.568283 0.578232 0.017720 0.021619
3 0.443469 0.936953 0.016915 0.022233
1 0.227880 0.456544 0.019789 0.020942
3 0.303373 0.750204 0.016698 0.021799
1 0.847996 0.421033 0.019576 0.020620
3 0.894372 0.936406 0.017037 0.022068
3 0.165212 0.725172 0.016386 0.022201
1 0.306382 0.580776 0.020111 0.020922
3 0.646670 0.628686 0.017751 0.021753
4 0.778261 0.190569 0.019602 0.019505
3 0.731086 0.705506 0.018376 0.022639
1 0.913392 0.575849 0.019612 0.021523
1 0.603362 0.126515 0.018497 0.017266
3 0.833307 0.756612 0.016426 0.021811
3 0.381483 0.870708 0.017075 0.021229
1 0.687443 0.204515 0.021062 0.020258
1 0.392615 0.686393 0.021307 0.021937
0 0.832696 0.623505 0.006452 0.212436
0 0.730384 0.571713 0.006412 0.208929
0 0.846289 0.549044 0.005439 0.210306
0 0.893542 0.802547 0.006035 0.212437
1 0.531218 0.114821 0.018373 0.018612
0 0.776774 0.320444 0.005466 0.216399
0 0.601991 0.256463 0.005702 0.215117
0 0.566718 0.444406 0.006104 0.212438
0 0.226211 0.540373 0.004417 0.121398
0 0.164918 0.639788 0.005581 0.119713
0 0.391635 0.772934 0.005600 0.126964
0 0.646550 0.493426 0.006807 0.205286
0 0.380804 0.784584 0.005736 0.116150
0 0.529101 0.240486 0.004895 0.210011
0 0.685699 0.335300 0.005327 0.214522
