3 227.935608 488.167847 17.212326 13.656036
1 444.886597 200.184601 21.501526 14.077240
4 915.517273 83.003517 21.031250 13.239944
1 829.509033 170.798706 22.041321 13.755447
3 657.890381 572.600647 16.155212 12.827148
1 276.948059 190.344604 21.004547 12.830734
1 129.107986 73.947243 18.846153 13.113602
2 84.213387 362.904236 19.109695 13.966797
1 766.408630 150.496033 21.793945 13.170059
3 362.149109 572.870972 16.922821 12.725403
2 798.037231 384.518799 19.708496 13.877045
4 38.287117 68.907310 18.417406 11.263702
0 361.458038 475.799561 6.566895 160.344391
0 126.921127 168.951767 5.982788 164.751160
0 764.718811 220.945038 5.727661 114.387283
0 83.604187 265.355682 6.243233 158.828232
4 532.907104 69.594986 19.915405 11.671791
0 226.863403 391.544312 6.098236 158.400482
0 797.350952 310.343323 5.518188 106.940399
0 858.572083 310.988647 6.973267 108.339050
0 829.953125 237.276184 5.906189 108.142899
0 275.209290 285.780365 6.647339 161.909912
0 37.079437 165.439026 5.534393 160.118103
0 657.409546 500.558594 6.611389 111.918182
0 227.269745 391.533569 3.965607 158.028900
5 860.182251 382.447784 52.041077 35.510742
