2 0.913157 0.495227 0.019032 0.024862
3 0.237549 0.750741 0.016565 0.021529
3 0.532437 0.633562 0.016157 0.021243
3 0.377262 0.936881 0.017423 0.021947
3 0.616798 0.709256 0.016628 0.021296
4 0.663793 0.201491 0.020292 0.019680
1 0.161975 0.456532 0.019424 0.021493
1 0.733920 0.428837 0.019827 0.022063
3 0.719125 0.759836 0.016064 0.021094
4 0.444041 0.659947 0.021132 0.020586
1 0.240759 0.580567 0.019071 0.020598
1 0.572819 0.214934 0.019660 0.019688
3 0.780326 0.936055 0.017259 0.021712
1 0.326988 0.686759 0.021572 0.022516
3 0.099378 0.725916 0.017230 0.020838
3 0.315068 0.870812 0.016608 0.020851
4 0.890359 0.113393 0.020612 0.020499
0 0.160145 0.541105 0.004809 0.121022
0 0.098431 0.638074 0.005529 0.120575
0 0.325037 0.768782 0.005265 0.119750
0 0.616375 0.577402 0.006253 0.204999
0 0.314680 0.784370 0.005923 0.120466
0 0.662706 0.332330 0.005172 0.213455
0 0.571558 0.342942 0.005091 0.212641
0 0.779619 0.804171 0.006608 0.206491
0 0.888604 0.240968 0.005335 0.210309
0 0.732715 0.555341 0.005239 0.208756
0 0.376533 0.850520 0.006058 0.121529
0 0.532184 0.502064 0.007060 0.208137
