1 153.063904 166.703705 20.847733 12.582306
3 444.099823 572.705200 17.154236 12.971497
1 320.947571 174.940674 21.821960 13.427444
3 861.155640 524.405212 18.012268 13.920654
3 914.843323 572.465637 15.796997 12.817993
3 238.990875 492.988098 18.402466 13.540009
1 562.680054 124.125916 21.141296 12.783409
1 625.819336 140.036163 20.712097 13.379929
1 878.123352 367.031372 19.140015 12.520660
2 594.541870 318.504852 19.271606 14.128906
3 104.165085 421.784302 18.013062 13.667450
4 712.203125 70.156952 19.395325 12.809799
0 710.864868 129.971161 5.157593 92.312462
0 237.831100 408.531006 6.988525 133.575897
0 151.842316 248.120300 6.422638 137.411148
0 626.982178 196.631012 6.018555 89.208725
0 319.574402 256.790863 6.497620 137.346024
0 103.371262 337.872681 7.030846 134.184357
0 860.832275 461.538635 7.319214 87.798859
0 876.656860 427.401337 5.957581 92.562317
0 655.060608 255.596207 7.188110 87.629547
0 594.376770 255.444641 7.386719 88.428421
0 561.229126 183.810120 6.467102 93.193024
5 657.407227 317.497009 39.501648 31.172760
