0 0.066500 0.370492 0.009000 0.298361
0 0.097000 0.496721 0.006000 0.288525
0 0.114500 0.426230 0.005000 0.304918
0 0.135000 0.506557 0.008000 0.291803
0 0.143500 0.470492 0.007000 0.295082
0 0.182000 0.632787 0.004000 0.288525
0 0.193500 0.593443 0.007000 0.298361
0 0.235500 0.761475 0.007000 0.280328
0 0.309000 0.481967 0.006000 0.298361
0 0.353500 0.664754 0.009000 0.306557
0 0.557500 0.652459 0.007000 0.163934
0 0.596000 0.795082 0.010000 0.150820
0 0.693000 0.415574 0.006000 0.162295
0 0.776000 0.731967 0.010000 0.159016
1 0.115000 0.255738 0.016000 0.019672
1 0.145000 0.304098 0.024000 0.024590
1 0.195000 0.423770 0.026000 0.027869
4 0.311500 0.311475 0.025000 0.026230
4 0.446000 0.119672 0.026000 0.026230
4 0.694500 0.311475 0.029000 0.022951
4 0.917000 0.118033 0.020000 0.026230
2 0.095500 0.670492 0.019000 0.026230
2 0.353000 0.839344 0.018000 0.026230
2 0.598500 0.906557 0.025000 0.029508
2 0.776000 0.839344 0.022000 0.029508
3 0.135500 0.682787 0.019000 0.024590
3 0.182000 0.809836 0.018000 0.022951
3 0.238000 0.941803 0.022000 0.024590
1 0.558500 0.555738 0.019000 0.029508