4 0.059500 0.117213 0.015000 0.018033
4 0.676500 0.116393 0.019000 0.019672
1 0.150000 0.125410 0.016000 0.021311
1 0.299000 0.313115 0.018000 0.019672
1 0.445500 0.411475 0.019000 0.016393
1 0.544000 0.313934 0.016000 0.021311
1 0.909500 0.248361 0.017000 0.024590
2 0.105500 0.597541 0.021000 0.021311
3 0.250500 0.801639 0.019000 0.026230
3 0.385000 0.942623 0.016000 0.026230
3 0.588500 0.754918 0.017000 0.021311
3 0.801000 0.940164 0.014000 0.021311
2 0.917000 0.509016 0.018000 0.021311
0 0.058500 0.271311 0.003000 0.263934
0 0.106500 0.440164 0.005000 0.260656
0 0.150000 0.279508 0.004000 0.267213
0 0.249500 0.650820 0.005000 0.265574
0 0.298000 0.465574 0.004000 0.259016
0 0.384500 0.783607 0.003000 0.259016
0 0.543500 0.428689 0.005000 0.181967
0 0.588500 0.634426 0.005000 0.186885
0 0.675000 0.235246 0.004000 0.188525
0 0.801500 0.821311 0.005000 0.186885
0 0.908500 0.362295 0.005000 0.183607