1 0.036000 0.114754 0.018000 0.019672
1 0.368500 0.568852 0.021000 0.019672
1 0.735500 0.218852 0.019000 0.021311
3 0.304500 0.909016 0.017000 0.021311
3 0.445000 0.941803 0.016000 0.018033
3 0.640500 0.868033 0.017000 0.021311
3 0.909500 0.941803 0.017000 0.018033
2 0.762000 0.554918 0.016000 0.018033
4 0.794000 0.198361 0.020000 0.019672
0 0.034000 0.217213 0.004000 0.155738
0 0.305000 0.804918 0.006000 0.154098
0 0.367000 0.672951 0.006000 0.159016
0 0.639500 0.754098 0.007000 0.170492
0 0.736000 0.334426 0.006000 0.177049
0 0.761500 0.438525 0.005000 0.172131
0 0.792000 0.310656 0.004000 0.178689