2 0.675010 0.686636 0.020141 0.025450
3 0.735965 0.774899 0.018781 0.023260
3 0.044887 0.775082 0.019222 0.023812
1 0.691943 0.465859 0.020648 0.022279
2 0.913090 0.805092 0.018026 0.023519
4 0.117527 0.267340 0.023105 0.021806
1 0.890156 0.561690 0.021930 0.022866
2 0.161014 0.694687 0.019984 0.023385
1 0.755418 0.547610 0.023126 0.024583
3 0.414365 0.936249 0.018068 0.022271
1 0.443075 0.561446 0.019931 0.021813
3 0.824713 0.936466 0.018956 0.022944
0 0.674802 0.596813 0.006910 0.118830
0 0.823583 0.848322 0.005965 0.119907
4 0.252195 0.114362 0.020586 0.020261
0 0.753315 0.631387 0.005583 0.127020
0 0.043182 0.628542 0.007363 0.234631
0 0.690447 0.549990 0.005921 0.129319
0 0.160622 0.550318 0.006724 0.235314
4 0.547614 0.114109 0.019402 0.018877
0 0.545870 0.201132 0.004282 0.129418
0 0.115967 0.408957 0.006087 0.239909
0 0.735436 0.685931 0.006427 0.119543
0 0.413643 0.792883 0.006408 0.234470
0 0.888577 0.645760 0.005535 0.124329
