4 0.752500 0.257377 0.021000 0.016393
4 0.074000 0.166393 0.020000 0.021311
4 0.148500 0.117213 0.019000 0.018033
1 0.364000 0.151639 0.016000 0.018033
1 0.394500 0.183607 0.021000 0.016393
1 0.444500 0.263934 0.017000 0.019672
1 0.604500 0.193443 0.023000 0.019672
1 0.664000 0.310656 0.022000 0.018033
1 0.882500 0.425410 0.021000 0.024590
2 0.102500 0.490164 0.021000 0.026230
2 0.346000 0.447541 0.018000 0.022951
3 0.232000 0.590984 0.018000 0.024590
3 0.434000 0.537705 0.018000 0.022951
3 0.385500 0.453279 0.019000 0.021311
3 0.699000 0.761475 0.018000 0.021311
3 0.830000 0.942623 0.018000 0.026230
2 0.917500 0.874590 0.019000 0.018033
2 0.644000 0.672951 0.018000 0.021311
2 0.551000 0.749180 0.016000 0.019672
0 0.073000 0.288525 0.006000 0.200000
0 0.101000 0.362295 0.006000 0.193443
0 0.148000 0.240164 0.004000 0.201639
0 0.232000 0.463115 0.004000 0.185246
0 0.316000 0.239344 0.006000 0.203279
0 0.347000 0.321311 0.004000 0.200000
0 0.364500 0.273770 0.005000 0.200000
0 0.384000 0.320492 0.006000 0.185246
0 0.393000 0.302459 0.006000 0.198361
0 0.433000 0.415574 0.008000 0.201639
0 0.550500 0.621311 0.005000 0.222951
0 0.605000 0.321311 0.006000 0.216393
0 0.644500 0.535246 0.007000 0.208197
0 0.698000 0.626230 0.006000 0.203279
0 0.751500 0.390164 0.005000 0.219672
0 0.829000 0.807377 0.004000 0.208197
0 0.880000 0.554098 0.004000 0.219672