3 444.532288 378.132080 18.354767 14.354156
4 32.111313 99.026413 22.150957 12.916145
2 304.813538 270.261719 19.483093 14.441193
3 756.035339 475.499664 18.670410 14.096985
3 625.223389 378.549316 17.388611 13.591522
2 571.407654 330.229279 20.203735 14.272217
1 402.885559 159.291260 21.128723 13.202972
1 323.136047 92.329201 19.837616 11.816833
1 915.551880 373.678162 19.621277 13.027191
1 590.406860 132.258896 19.823547 12.889709
4 679.751587 103.817459 21.736023 12.492889
3 391.357178 326.172333 17.918610 13.620361
2 60.639542 296.045105 19.718781 13.702637
1 352.582275 110.953827 20.068268 12.249275
3 896.439392 571.808472 18.304810 13.388611
1 807.744202 194.401917 21.199707 13.252823
3 190.743973 359.491943 19.384430 13.748260
3 342.853455 273.483398 17.328644 13.355682
4 107.054977 69.433029 19.603676 11.428265
0 895.457764 498.697632 6.384033 113.225830
0 589.402588 204.385574 5.476074 115.049957
0 391.035583 249.494202 6.002899 117.111801
0 401.408997 233.988464 5.766388 121.205734
0 273.557648 144.204590 5.168579 122.016464
0 105.948792 143.938293 5.305992 122.936012
0 351.099060 184.210678 5.707764 122.006828
0 755.365601 400.697388 6.375061 114.711456
0 570.707642 255.473358 6.973755 112.441223
0 189.615662 282.493988 6.157333 120.846725
0 60.200043 219.466583 6.040630 118.474564
0 305.107819 192.985626 6.624939 116.927109
0 678.212158 176.035904 5.542297 116.219696
1 531.751892 69.879753 19.216187 11.080978
0 321.982269 166.047806 6.485046 118.784157
0 806.580200 265.810303 6.028442 116.616119
0 840.079956 367.757996 4.428406 116.054932
0 342.502625 196.955566 7.006409 119.402115
5 278.375977 79.253868 44.495392 26.157425
