4 0.156000 0.382787 0.022000 0.018033
4 0.310500 0.118033 0.023000 0.019672
4 0.619500 0.118033 0.023000 0.016393
2 0.166500 0.594262 0.019000 0.018033
2 0.352000 0.390164 0.024000 0.026230
2 0.699500 0.613934 0.019000 0.024590
2 0.786500 0.505738 0.017000 0.021311
1 0.375000 0.156557 0.024000 0.021311
3 0.445000 0.488525 0.016000 0.016393
1 0.758000 0.193443 0.022000 0.019672
1 0.795000 0.285246 0.022000 0.016393
1 0.917500 0.481148 0.019000 0.018033
3 0.881000 0.809836 0.016000 0.019672
0 0.157000 0.480328 0.006000 0.147541
0 0.166000 0.490984 0.006000 0.129508
0 0.309000 0.213934 0.006000 0.142623
0 0.352000 0.294262 0.006000 0.149180
0 0.372500 0.253279 0.007000 0.152459
0 0.618500 0.215574 0.005000 0.152459
0 0.699000 0.513115 0.008000 0.147541
0 0.756000 0.296721 0.004000 0.150820
0 0.787000 0.404098 0.008000 0.145902
0 0.794000 0.385246 0.006000 0.147541
0 0.880500 0.710656 0.005000 0.145902