0 0.027000 0.345082 0.004000 0.113115
0 0.037500 0.335246 0.005000 0.122951
0 0.378000 0.849180 0.006000 0.118033
0 0.409500 0.806557 0.007000 0.127869
0 0.748000 0.834426 0.006000 0.114754
0 0.778500 0.739344 0.005000 0.127869
0 0.793500 0.770492 0.005000 0.108197
0 0.843000 0.630328 0.004000 0.136066
0 0.543500 0.203279 0.007000 0.127869
1 0.037000 0.253279 0.022000 0.021311
1 0.106500 0.349180 0.021000 0.019672
1 0.194500 0.485246 0.017000 0.022951
1 0.219500 0.513115 0.017000 0.016393
1 0.410000 0.720492 0.018000 0.021311
3 0.028500 0.432787 0.017000 0.022951
3 0.100500 0.520492 0.015000 0.018033
3 0.190500 0.653279 0.017000 0.021311
3 0.214000 0.684426 0.016000 0.021311
3 0.378000 0.933607 0.018000 0.021311
3 0.444500 0.943443 0.019000 0.027869
4 0.545000 0.117213 0.018000 0.018033
1 0.782000 0.654918 0.022000 0.024590
2 0.795000 0.869672 0.018000 0.024590
3 0.747500 0.926230 0.019000 0.022951
3 0.915000 0.940164 0.018000 0.021311
4 0.844500 0.541803 0.019000 0.024590