1 0.607978 0.567746 0.021023 0.023674
2 0.680171 0.685944 0.018246 0.024613
2 0.599601 0.734973 0.016837 0.023757
2 0.441347 0.320923 0.019190 0.023582
2 0.273242 0.518375 0.020633 0.024316
2 0.081947 0.808271 0.019369 0.023597
2 0.910972 0.417450 0.018455 0.024407
4 0.662057 0.489045 0.022534 0.022650
4 0.417269 0.113570 0.021848 0.021712
4 0.265162 0.336694 0.022508 0.021818
4 0.559191 0.477967 0.021753 0.022158
3 0.617461 0.740679 0.015724 0.022197
4 0.066714 0.614038 0.021748 0.020911
4 0.850397 0.114241 0.022309 0.022476
0 0.080718 0.720506 0.005974 0.119104
0 0.660333 0.565275 0.007294 0.104513
0 0.557371 0.553040 0.006505 0.104981
0 0.065382 0.700021 0.006077 0.123611
0 0.606286 0.643617 0.006707 0.106753
0 0.848956 0.189773 0.006025 0.106421
0 0.272744 0.430498 0.006848 0.114262
0 0.678981 0.607271 0.006954 0.098090
0 0.599330 0.655395 0.007211 0.100696
0 0.415764 0.198367 0.007090 0.123623
0 0.263483 0.420796 0.006471 0.120549
0 0.616463 0.660466 0.006746 0.097228
