2 0.096433 0.668303 0.018318 0.021941
3 0.236367 0.936926 0.018664 0.023306
2 0.574617 0.900066 0.018755 0.024440
3 0.134138 0.677120 0.017901 0.022654
2 0.754515 0.834357 0.019854 0.023937
2 0.913253 0.389271 0.018812 0.024115
1 0.144336 0.300652 0.021161 0.020379
1 0.194314 0.419771 0.021010 0.020922
1 0.114737 0.253170 0.020029 0.020312
2 0.352732 0.834614 0.019335 0.023352
3 0.182722 0.807609 0.018431 0.023368
4 0.673623 0.308087 0.022455 0.021987
4 0.443376 0.112744 0.020634 0.020174
4 0.309364 0.307948 0.021649 0.020560
4 0.895279 0.113672 0.021894 0.021340
1 0.537985 0.549613 0.019781 0.022703
0 0.574068 0.793503 0.006480 0.148997
0 0.753793 0.729077 0.006436 0.154233
0 0.672121 0.410547 0.005980 0.160749
0 0.096344 0.495196 0.006553 0.296057
0 0.307446 0.479656 0.006235 0.301704
0 0.065223 0.363578 0.006377 0.309251
0 0.536514 0.648968 0.005344 0.154340
0 0.351667 0.661319 0.005307 0.294766
0 0.893203 0.214244 0.005939 0.155033
0 0.182021 0.627931 0.006590 0.293324
0 0.113519 0.428030 0.006100 0.296116
0 0.133957 0.506546 0.005319 0.301007
0 0.235208 0.760202 0.006276 0.290357
0 0.193277 0.591298 0.006251 0.307398
0 0.142667 0.476017 0.006304 0.304559
0 0.133529 0.500835 0.007585 0.299402
0 0.193644 0.586537 0.004428 0.288166
5 0.067956 0.201704 0.040462 0.048726
