2 0.053085 0.530612 0.018258 0.021498
2 0.787392 0.518952 0.019860 0.024483
2 0.443147 0.759275 0.018051 0.024107
1 0.801730 0.262688 0.020656 0.022823
2 0.598285 0.825337 0.018555 0.023248
2 0.546798 0.862511 0.018419 0.022950
4 0.577767 0.539992 0.020776 0.021265
3 0.192093 0.936370 0.017426 0.021772
4 0.344752 0.142814 0.022195 0.021165
3 0.913227 0.871389 0.017467 0.022482
4 0.540101 0.632608 0.022496 0.021747
4 0.735763 0.114092 0.020553 0.021273
1 0.064310 0.224557 0.020814 0.021481
0 0.786185 0.412875 0.008178 0.146317
0 0.012137 0.254006 0.006300 0.239572
0 0.191290 0.789526 0.007011 0.235108
0 0.800040 0.364426 0.005730 0.157185
0 0.597512 0.719707 0.006985 0.147474
0 0.054531 0.386272 0.007908 0.229635
1 0.013601 0.113859 0.018973 0.019389
0 0.546426 0.753656 0.006565 0.145747
0 0.538902 0.735161 0.006736 0.154895
0 0.576193 0.642612 0.005940 0.155120
0 0.735192 0.214693 0.006207 0.159740
0 0.342657 0.285251 0.007060 0.237977
0 0.063425 0.366458 0.007881 0.243000
