2 0.872957 0.928699 0.017932 0.022739
1 0.300862 0.415944 0.020019 0.020635
3 0.846956 0.936200 0.016974 0.023041
1 0.401811 0.618071 0.020363 0.021078
3 0.198240 0.751103 0.017463 0.021272
2 0.275712 0.682324 0.019700 0.022697
1 0.769242 0.446459 0.020201 0.021340
3 0.724266 0.805796 0.018024 0.021768
1 0.251851 0.405489 0.020589 0.021438
1 0.862766 0.690794 0.019882 0.021917
3 0.443235 0.936193 0.018171 0.022463
4 0.913605 0.620438 0.020907 0.021496
3 0.392388 0.857189 0.016648 0.021446
2 0.541819 0.491314 0.018461 0.024079
4 0.591273 0.113688 0.019125 0.019856
4 0.024780 0.114020 0.019851 0.018727
0 0.846950 0.833127 0.006379 0.139711
0 0.023641 0.223282 0.005277 0.172807
0 0.722933 0.705185 0.005886 0.143524
0 0.590004 0.210337 0.005120 0.149782
0 0.541437 0.388712 0.006153 0.142483
0 0.277063 0.571280 0.006847 0.167667
0 0.872556 0.824440 0.005943 0.144461
0 0.391920 0.745493 0.005771 0.169690
0 0.197524 0.637367 0.006812 0.171149
0 0.400055 0.728921 0.006567 0.173809
0 0.861358 0.789303 0.005398 0.155997
0 0.767483 0.544422 0.005036 0.147396
0 0.298869 0.526899 0.005874 0.174277
