2 0.017000 0.833607 0.018000 0.027869
3 0.140500 0.943443 0.021000 0.027869
3 0.848500 0.481967 0.019000 0.026230
1 0.055000 0.531967 0.022000 0.027869
1 0.835500 0.248361 0.019000 0.021311
4 0.232500 0.509016 0.025000 0.024590
4 0.434000 0.113115 0.024000 0.022951
4 0.789000 0.118852 0.022000 0.024590
4 0.891500 0.131967 0.021000 0.027869
4 0.570000 0.586885 0.026000 0.026230
4 0.642500 0.506557 0.025000 0.026230
2 0.249500 0.760656 0.021000 0.026230
2 0.440000 0.349180 0.018000 0.029508
2 0.597000 0.879508 0.020000 0.024590
2 0.662500 0.770492 0.021000 0.026230
2 0.829000 0.472131 0.014000 0.032787
2 0.909500 0.400000 0.017000 0.022951
0 0.017000 0.715574 0.008000 0.152459
0 0.055000 0.633607 0.006000 0.175410
0 0.140000 0.831148 0.010000 0.180328
0 0.232000 0.616393 0.008000 0.173770
0 0.246500 0.645902 0.007000 0.170492
0 0.430500 0.222131 0.007000 0.165574
0 0.568500 0.684426 0.005000 0.152459
0 0.595500 0.774590 0.007000 0.142623
0 0.641500 0.602459 0.007000 0.149180
0 0.660000 0.668033 0.008000 0.139344
0 0.787000 0.211475 0.006000 0.154098
0 0.828500 0.366393 0.005000 0.142623
0 0.836000 0.346721 0.004000 0.145902
0 0.846000 0.377049 0.006000 0.137705
0 0.889000 0.240164 0.004000 0.159016
0 0.908500 0.296721 0.009000 0.147541