0 0.098500 0.640984 0.005000 0.118033
0 0.160500 0.543443 0.005000 0.119672
0 0.315000 0.789344 0.008000 0.122951
0 0.326000 0.776230 0.006000 0.126230
0 0.378000 0.854098 0.008000 0.121311
0 0.534500 0.504918 0.007000 0.206557
0 0.574000 0.345082 0.006000 0.214754
0 0.619000 0.579508 0.008000 0.198361
0 0.664500 0.336066 0.005000 0.206557
0 0.721500 0.627869 0.007000 0.196721
0 0.735000 0.560656 0.008000 0.216393
0 0.783000 0.804918 0.008000 0.209836
0 0.893000 0.244262 0.008000 0.209836
1 0.162000 0.461475 0.022000 0.024590
1 0.242000 0.586066 0.026000 0.024590
1 0.329500 0.691803 0.027000 0.019672
1 0.573500 0.218852 0.027000 0.021311
4 0.445500 0.664754 0.025000 0.021311
4 0.665500 0.202459 0.023000 0.021311
4 0.892500 0.118033 0.023000 0.026230
3 0.100500 0.731967 0.021000 0.027869
3 0.236500 0.754098 0.019000 0.022951
3 0.315000 0.874590 0.016000 0.024590
3 0.378500 0.940984 0.023000 0.016393
3 0.536000 0.638525 0.018000 0.031148
3 0.618500 0.714754 0.021000 0.026230
3 0.719000 0.760656 0.016000 0.022951
3 0.782000 0.939344 0.020000 0.029508
2 0.917000 0.498361 0.018000 0.026230
1 0.735500 0.431148 0.015000 0.016393