0 0.030000 0.668852 0.006000 0.196721
0 0.061000 0.589344 0.004000 0.201639
0 0.146000 0.816393 0.006000 0.186885
0 0.337500 0.292623 0.005000 0.198361
0 0.367000 0.363115 0.008000 0.185246
0 0.412500 0.241803 0.005000 0.191803
0 0.560000 0.295082 0.006000 0.108197
0 0.593000 0.375410 0.006000 0.098361
0 0.615000 0.323770 0.004000 0.106557
0 0.626000 0.343443 0.004000 0.100000
0 0.664500 0.242623 0.005000 0.104918
0 0.712500 0.359016 0.007000 0.098361
0 0.728000 0.316393 0.006000 0.101639
0 0.763500 0.409016 0.007000 0.100000
0 0.847500 0.190984 0.005000 0.103279
1 0.063000 0.470492 0.018000 0.019672
1 0.616500 0.245902 0.019000 0.019672
1 0.728500 0.244262 0.021000 0.022951
3 0.030000 0.796721 0.018000 0.022951
3 0.146500 0.941803 0.019000 0.021311
3 0.712000 0.438525 0.018000 0.021311
3 0.765000 0.490984 0.016000 0.021311
4 0.338000 0.168852 0.022000 0.019672
4 0.414500 0.120492 0.027000 0.021311
4 0.561000 0.218852 0.024000 0.024590
4 0.667000 0.166393 0.026000 0.024590
4 0.852000 0.116393 0.022000 0.026230
2 0.367500 0.492623 0.019000 0.024590
2 0.444500 0.448361 0.021000 0.021311
2 0.592000 0.455738 0.020000 0.022951
2 0.624500 0.415574 0.019000 0.021311
2 0.915500 0.445902 0.019000 0.022951