0 0.143500 0.387705 0.007000 0.208197
0 0.185000 0.503279 0.006000 0.206557
0 0.206500 0.443443 0.005000 0.211475
0 0.278500 0.651639 0.005000 0.211475
0 0.415000 0.245082 0.006000 0.211475
0 0.530000 0.532787 0.006000 0.127869
0 0.619000 0.838525 0.010000 0.136066
0 0.696000 0.573770 0.006000 0.137705
0 0.712000 0.622131 0.008000 0.122951
0 0.817000 0.277049 0.006000 0.140984
0 0.825500 0.292623 0.007000 0.129508
0 0.850500 0.209836 0.007000 0.140984
2 0.186500 0.638525 0.019000 0.021311
4 0.145500 0.251639 0.023000 0.018033
4 0.416000 0.117213 0.024000 0.021311
4 0.817500 0.183607 0.019000 0.022951
4 0.852500 0.117213 0.021000 0.018033
1 0.209500 0.313934 0.025000 0.021311
1 0.533500 0.447541 0.023000 0.019672
1 0.698000 0.483607 0.022000 0.026230
2 0.825500 0.391803 0.023000 0.019672
3 0.278000 0.782787 0.022000 0.021311
3 0.917500 0.536885 0.019000 0.024590
2 0.446000 0.458197 0.022000 0.024590
2 0.710500 0.717213 0.023000 0.021311
3 0.619000 0.940984 0.016000 0.019672