1 0.179000 0.178689 0.022000 0.019672
1 0.208500 0.231967 0.019000 0.021311
1 0.260000 0.366393 0.024000 0.021311
1 0.445500 0.327869 0.019000 0.022951
1 0.626000 0.440984 0.020000 0.022951
1 0.906500 0.218033 0.023000 0.026230
3 0.046000 0.888525 0.024000 0.026230
3 0.199500 0.647541 0.019000 0.029508
3 0.247000 0.794262 0.022000 0.031148
3 0.301500 0.940984 0.021000 0.026230
3 0.579000 0.939344 0.020000 0.022951
2 0.161000 0.637705 0.022000 0.029508
2 0.418500 0.825410 0.021000 0.031148
2 0.662500 0.891803 0.019000 0.026230
2 0.844000 0.804098 0.022000 0.024590
4 0.375500 0.242623 0.027000 0.022951
4 0.762000 0.113115 0.022000 0.022951
0 0.046000 0.695082 0.006000 0.331148
0 0.129500 0.305738 0.007000 0.332787
0 0.161000 0.440164 0.008000 0.319672
0 0.178500 0.366393 0.007000 0.336066
0 0.198500 0.457377 0.007000 0.331148
0 0.207500 0.420492 0.005000 0.332787
0 0.247500 0.597541 0.007000 0.319672
0 0.258000 0.556557 0.008000 0.326230
0 0.300500 0.740164 0.005000 0.316393
0 0.373500 0.431148 0.007000 0.334426
0 0.418500 0.629508 0.009000 0.321311
0 0.579500 0.809836 0.005000 0.216393
0 0.625500 0.568852 0.005000 0.209836
0 0.663500 0.756557 0.007000 0.198361
0 0.761000 0.242623 0.004000 0.200000
0 0.843500 0.671311 0.005000 0.201639