3 0.621890 0.765773 0.018861 0.022576
2 0.845296 0.887756 0.018306 0.023561
1 0.808831 0.444171 0.021785 0.022089
1 0.278052 0.176514 0.020215 0.020402
3 0.297574 0.645599 0.017694 0.022303
3 0.761195 0.936394 0.017776 0.022887
1 0.357498 0.363896 0.021352 0.021865
2 0.259589 0.635481 0.018854 0.022550
1 0.444294 0.373736 0.021857 0.023123
4 0.913853 0.284861 0.021432 0.021548
3 0.399227 0.936615 0.018463 0.023481
1 0.673512 0.272219 0.021297 0.020949
3 0.146163 0.884890 0.019789 0.023245
3 0.345828 0.790865 0.018642 0.023542
1 0.306935 0.229238 0.021089 0.020052
2 0.016056 0.707986 0.018854 0.021333
4 0.062449 0.113601 0.019139 0.018491
0 0.144559 0.689599 0.007717 0.333279
4 0.544661 0.113560 0.019187 0.018201
0 0.620464 0.635231 0.006711 0.198257
0 0.398799 0.741184 0.007230 0.326719
0 0.276798 0.358209 0.007358 0.346614
0 0.760600 0.806654 0.006631 0.202529
0 0.296883 0.454756 0.007198 0.324551
0 0.543759 0.239263 0.005291 0.207816
0 0.355719 0.549037 0.007560 0.335137
0 0.015210 0.511769 0.007941 0.328315
0 0.806892 0.569252 0.005968 0.204356
0 0.672354 0.398026 0.005695 0.207880
0 0.306062 0.420478 0.006520 0.325597
0 0.060822 0.303888 0.006097 0.339743
0 0.228461 0.304540 0.005686 0.339765
0 0.259554 0.446144 0.007184 0.335292
0 0.014747 0.511733 0.005555 0.323615
0 0.345104 0.587731 0.007069 0.323859
0 0.844621 0.758828 0.007002 0.202221
5 0.233356 0.129219 0.044808 0.041146
