1 0.445500 0.412295 0.023000 0.021311
1 0.651500 0.366393 0.023000 0.021311
1 0.715000 0.376230 0.020000 0.021311
1 0.919000 0.142623 0.024000 0.022951
4 0.070000 0.270492 0.026000 0.019672
4 0.206000 0.113934 0.022000 0.021311
4 0.805000 0.245082 0.020000 0.021311
4 0.866000 0.114754 0.022000 0.019672
2 0.115500 0.698361 0.019000 0.019672
2 0.686000 0.777049 0.018000 0.019672
2 0.738500 0.741803 0.021000 0.024590
2 0.823500 0.573770 0.021000 0.026230
2 0.893500 0.501639 0.017000 0.022951
3 0.367500 0.940984 0.019000 0.019672
0 0.070000 0.411475 0.006000 0.232787
0 0.114000 0.553279 0.006000 0.231148
0 0.204500 0.258197 0.005000 0.240984
0 0.369500 0.800820 0.005000 0.240984
0 0.586500 0.818033 0.007000 0.203279
0 0.651500 0.486066 0.005000 0.201639
0 0.684000 0.642623 0.006000 0.186885
0 0.714000 0.498361 0.004000 0.200000
0 0.737500 0.606557 0.005000 0.183607
0 0.749500 0.554098 0.005000 0.196721
0 0.758000 0.604098 0.006000 0.188525
0 0.805500 0.370492 0.005000 0.206557
0 0.822500 0.441803 0.005000 0.185246
0 0.864500 0.237705 0.005000 0.196721
0 0.892500 0.368852 0.005000 0.180328