3 0.882056 0.935993 0.016936 0.022587
1 0.300862 0.415947 0.019986 0.020655
3 0.198222 0.751520 0.018560 0.023318
2 0.577051 0.490808 0.018918 0.023455
1 0.401803 0.618083 0.020396 0.021063
2 0.275710 0.682307 0.019646 0.022608
1 0.251851 0.405491 0.020571 0.021436
3 0.759110 0.805744 0.017876 0.022272
3 0.443213 0.936118 0.018071 0.022376
1 0.803870 0.446120 0.019263 0.021478
2 0.908565 0.928444 0.018208 0.023971
1 0.897106 0.690374 0.019116 0.021765
3 0.392401 0.857258 0.017119 0.021626
1 0.556799 0.218842 0.020158 0.021367
4 0.626591 0.113853 0.018562 0.020000
4 0.024780 0.114020 0.019851 0.018727
0 0.882241 0.834430 0.005983 0.139035
0 0.023641 0.223284 0.005277 0.172811
0 0.555215 0.315928 0.004793 0.148975
0 0.758113 0.705856 0.006104 0.144278
0 0.277063 0.571297 0.006835 0.167667
0 0.197528 0.637329 0.006843 0.171149
0 0.391970 0.745179 0.005958 0.169195
0 0.576271 0.390271 0.006302 0.142323
0 0.895547 0.786603 0.005511 0.149496
0 0.802214 0.543231 0.004764 0.149528
0 0.400036 0.729296 0.006594 0.173831
0 0.298866 0.526927 0.005886 0.174411
