0 0.019500 0.289344 0.005000 0.201639
0 0.048000 0.358197 0.008000 0.188525
0 0.094500 0.241803 0.007000 0.204918
0 0.179500 0.468852 0.007000 0.196721
0 0.262500 0.237705 0.005000 0.196721
0 0.293000 0.318033 0.006000 0.193443
0 0.311500 0.274590 0.007000 0.204918
0 0.331000 0.325410 0.006000 0.191803
0 0.339000 0.305738 0.006000 0.198361
0 0.380000 0.408197 0.006000 0.183607
0 0.391000 0.381148 0.008000 0.191803
0 0.432500 0.495902 0.007000 0.198361
0 0.562000 0.468033 0.006000 0.201639
0 0.615500 0.236885 0.005000 0.195082
0 0.693000 0.636885 0.006000 0.191803
0 0.745000 0.393443 0.006000 0.193443
0 0.833500 0.811475 0.005000 0.196721
0 0.878500 0.564754 0.005000 0.195082
4 0.020500 0.163934 0.021000 0.019672
4 0.096500 0.118033 0.021000 0.019672
1 0.311500 0.154098 0.021000 0.019672
1 0.342000 0.185246 0.022000 0.022951
1 0.391500 0.263115 0.019000 0.018033
1 0.446500 0.347541 0.021000 0.016393
4 0.617500 0.118033 0.019000 0.026230
1 0.746500 0.276230 0.023000 0.024590
1 0.882500 0.445902 0.021000 0.019672
2 0.049000 0.486066 0.022000 0.024590
2 0.294500 0.446721 0.023000 0.021311
2 0.915000 0.878689 0.022000 0.026230
3 0.835500 0.941803 0.017000 0.024590
3 0.694500 0.768852 0.019000 0.022951
3 0.563500 0.598361 0.017000 0.019672
3 0.434500 0.620492 0.019000 0.024590
3 0.381000 0.537705 0.018000 0.022951
3 0.332000 0.453279 0.018000 0.021311
3 0.180000 0.591803 0.020000 0.019672