3 0.754300 0.864132 0.017732 0.022356
3 0.847880 0.936477 0.018176 0.023593
4 0.619770 0.176641 0.020136 0.020465
1 0.331577 0.583258 0.020160 0.022396
1 0.263134 0.480056 0.020111 0.021713
1 0.549108 0.214236 0.020962 0.021916
3 0.326219 0.763168 0.016711 0.022114
3 0.415805 0.906202 0.013639 0.021121
3 0.438881 0.937266 0.016045 0.022739
1 0.113305 0.325528 0.020504 0.022022
1 0.791880 0.521800 0.019356 0.021506
2 0.136777 0.540780 0.019762 0.022511
1 0.880499 0.611588 0.017520 0.021482
4 0.911167 0.584501 0.019855 0.020757
1 0.419109 0.729296 0.019035 0.021014
2 0.891724 0.855490 0.018641 0.022947
3 0.059911 0.590409 0.018903 0.022906
3 0.579949 0.529359 0.017045 0.020787
1 0.443599 0.756542 0.019136 0.021379
3 0.253635 0.667490 0.017258 0.021601
1 0.161637 0.332953 0.019570 0.020687
0 0.059127 0.499620 0.006640 0.124282
0 0.847023 0.831712 0.006558 0.147146
0 0.253132 0.576228 0.006388 0.127314
0 0.160042 0.420495 0.005897 0.130322
0 0.111679 0.413145 0.006036 0.129962
0 0.753711 0.761847 0.006370 0.151931
0 0.891739 0.750703 0.005601 0.145775
0 0.261280 0.566034 0.005383 0.125506
0 0.138602 0.452230 0.007079 0.120892
0 0.579081 0.425461 0.006442 0.150805
0 0.879188 0.710496 0.005562 0.152526
0 0.618256 0.277824 0.005228 0.152840
0 0.790942 0.620574 0.005861 0.155901
0 0.548057 0.312763 0.004521 0.154437
0 0.548200 0.313115 0.006496 0.153916
