1 0.035000 0.546721 0.016000 0.021311
1 0.800000 0.295902 0.020000 0.021311
3 0.119500 0.943443 0.017000 0.021311
3 0.808500 0.514754 0.015000 0.019672
4 0.214000 0.523770 0.022000 0.018033
4 0.411000 0.150000 0.018000 0.021311
4 0.445000 0.115574 0.018000 0.018033
4 0.752500 0.176230 0.027000 0.024590
4 0.855500 0.190164 0.023000 0.022951
4 0.917000 0.118033 0.020000 0.019672
2 0.228500 0.769672 0.023000 0.021311
2 0.420500 0.377869 0.019000 0.021311
2 0.558000 0.882787 0.016000 0.024590
2 0.624000 0.784426 0.022000 0.024590
4 0.533000 0.605738 0.020000 0.024590
4 0.606000 0.533607 0.022000 0.024590
2 0.792000 0.508197 0.016000 0.022951
2 0.872500 0.442623 0.019000 0.026230
0 0.034000 0.652459 0.004000 0.154098
0 0.119500 0.833607 0.005000 0.165574
0 0.211000 0.631148 0.004000 0.160656
0 0.227000 0.652459 0.006000 0.137705
0 0.411500 0.251639 0.007000 0.152459
0 0.420000 0.265574 0.006000 0.147541
0 0.531500 0.700820 0.007000 0.126230
0 0.556500 0.781967 0.005000 0.131148
0 0.604000 0.625410 0.006000 0.136066
0 0.623000 0.681967 0.008000 0.124590
0 0.749500 0.268852 0.005000 0.144262
0 0.792000 0.409836 0.008000 0.134426
0 0.798000 0.382787 0.006000 0.136066
0 0.809000 0.413115 0.008000 0.127869
0 0.852000 0.284426 0.008000 0.142623
0 0.872500 0.342623 0.007000 0.131148