1 0.616500 0.373770 0.025000 0.029508
1 0.709500 0.608197 0.021000 0.026230
1 0.916500 0.327869 0.021000 0.026230
4 0.170000 0.164754 0.024000 0.021311
4 0.246000 0.115574 0.020000 0.024590
4 0.826500 0.113934 0.021000 0.027869
2 0.197500 0.491803 0.017000 0.026230
2 0.446000 0.445902 0.022000 0.022951
2 0.588500 0.739344 0.021000 0.022951
2 0.716500 0.873770 0.021000 0.032787
2 0.893000 0.668852 0.020000 0.029508
3 0.331000 0.591803 0.018000 0.029508
3 0.686000 0.936885 0.018000 0.027869
0 0.169500 0.287705 0.007000 0.195082
0 0.198000 0.361475 0.008000 0.191803
0 0.245000 0.237705 0.008000 0.196721
0 0.329000 0.463115 0.008000 0.195082
0 0.413500 0.237705 0.007000 0.206557
0 0.587500 0.622131 0.007000 0.198361
0 0.615500 0.489344 0.005000 0.195082
0 0.685500 0.819672 0.005000 0.193443
0 0.708000 0.720492 0.006000 0.191803
0 0.715000 0.754918 0.006000 0.181967
0 0.824500 0.231967 0.005000 0.195082
0 0.892500 0.555738 0.007000 0.193443