4 0.108000 0.116393 0.018000 0.016393
4 0.697500 0.117213 0.021000 0.014754
4 0.566000 0.404098 0.024000 0.018033
3 0.020000 0.672951 0.014000 0.018033
3 0.278000 0.936066 0.016000 0.016393
3 0.445000 0.943443 0.016000 0.014754
2 0.602000 0.844262 0.018000 0.022951
2 0.773500 0.759836 0.017000 0.018033
1 0.354000 0.436885 0.018000 0.014754
1 0.405000 0.540984 0.020000 0.016393
2 0.394000 0.834426 0.020000 0.019672
3 0.899000 0.941803 0.018000 0.021311
1 0.821000 0.298361 0.016000 0.022951
1 0.916500 0.596721 0.021000 0.022951
0 0.020000 0.533607 0.006000 0.224590
0 0.107500 0.251639 0.005000 0.224590
0 0.277000 0.790984 0.006000 0.221311
0 0.353000 0.571311 0.004000 0.224590
0 0.396000 0.699180 0.006000 0.211475
0 0.404000 0.680328 0.006000 0.226230
0 0.565500 0.526230 0.005000 0.203279
0 0.603000 0.715574 0.008000 0.188525
0 0.696000 0.239344 0.006000 0.203279
0 0.775500 0.639344 0.007000 0.183607
0 0.820500 0.421311 0.007000 0.203279
0 0.898500 0.818033 0.007000 0.196721