4 0.049500 0.116393 0.021000 0.019672
4 0.363000 0.300000 0.022000 0.019672
4 0.445500 0.122131 0.019000 0.014754
4 0.689500 0.301639 0.019000 0.019672
4 0.850500 0.188525 0.025000 0.019672
4 0.917500 0.116393 0.023000 0.016393
2 0.148500 0.754918 0.019000 0.024590
2 0.378000 0.648361 0.018000 0.024590
2 0.717000 0.581148 0.014000 0.021311
2 0.874000 0.443443 0.022000 0.021311
1 0.186000 0.330328 0.024000 0.014754
1 0.732000 0.365574 0.020000 0.019672
3 0.763000 0.660656 0.018000 0.022951
3 0.552500 0.940164 0.015000 0.021311
3 0.270000 0.918852 0.018000 0.021311
0 0.047000 0.261475 0.004000 0.244262
0 0.148000 0.604098 0.008000 0.247541
0 0.185500 0.478689 0.007000 0.245902
0 0.269500 0.761475 0.007000 0.231148
0 0.362000 0.445902 0.006000 0.249180
0 0.379000 0.489344 0.008000 0.237705
0 0.551000 0.847541 0.006000 0.140984
0 0.688500 0.392623 0.005000 0.139344
0 0.719000 0.488525 0.006000 0.121311
0 0.732000 0.455738 0.010000 0.134426
0 0.764000 0.563934 0.010000 0.121311
0 0.850000 0.275410 0.006000 0.127869
0 0.873500 0.340984 0.007000 0.118033