0 0.035500 0.793443 0.009000 0.249180
0 0.187000 0.263115 0.004000 0.257377
0 0.286500 0.602459 0.007000 0.244262
0 0.324500 0.480328 0.005000 0.249180
0 0.408500 0.765574 0.009000 0.252459
0 0.535000 0.630328 0.008000 0.152459
0 0.610500 0.334426 0.005000 0.160656
0 0.672000 0.555738 0.008000 0.160656
0 0.690500 0.485246 0.007000 0.157377
0 0.726000 0.619672 0.006000 0.140984
0 0.761000 0.521311 0.006000 0.154098
0 0.837500 0.828689 0.007000 0.149180
1 0.326500 0.331967 0.021000 0.024590
1 0.445000 0.499180 0.018000 0.021311
1 0.612500 0.230328 0.021000 0.024590
1 0.692500 0.382787 0.023000 0.024590
1 0.762500 0.422951 0.023000 0.032787
1 0.917500 0.443443 0.025000 0.027869
3 0.036500 0.943443 0.021000 0.034426
3 0.410000 0.920492 0.020000 0.027869
3 0.537000 0.743443 0.016000 0.024590
3 0.726000 0.727869 0.020000 0.026230
3 0.838500 0.942623 0.021000 0.032787
2 0.287000 0.755738 0.020000 0.029508
2 0.674000 0.668033 0.020000 0.034426
4 0.188000 0.115574 0.022000 0.021311