4 202.096771 99.027283 23.037369 13.396339
1 797.466675 368.531128 21.470520 13.477570
1 706.185425 226.113342 21.223755 13.353348
2 678.768433 448.378540 20.983704 14.967499
2 229.929077 295.372223 21.121796 13.427673
4 914.167053 68.988884 20.839355 12.586742
2 803.977539 530.904541 18.327942 14.572937
3 776.414062 571.232056 18.063538 13.642944
4 276.926514 69.651276 20.941437 12.303593
4 597.365845 69.605629 21.032715 12.362595
3 360.167480 359.046875 19.761322 13.731476
0 229.517426 217.070587 8.030228 116.050461
0 705.204834 297.375275 6.708069 115.019897
0 677.846436 373.473450 8.332947 110.800140
0 804.003296 455.141296 6.964172 105.826202
0 200.655136 174.189240 6.673523 122.185471
0 775.943604 498.012756 6.887695 110.109100
0 796.305847 438.624298 6.418213 113.767517
0 275.584900 144.456467 6.511200 122.055763
0 359.792419 281.691986 7.024780 118.885086
0 595.556458 140.842148 6.343872 115.972252
0 804.547607 455.238159 4.702820 106.125458
5 445.206299 74.275040 43.190948 31.889168
