4 0.039000 0.421311 0.022000 0.019672
4 0.189500 0.170492 0.025000 0.026230
4 0.444500 0.118852 0.021000 0.021311
4 0.914000 0.117213 0.020000 0.024590
2 0.045500 0.617213 0.021000 0.021311
2 0.231500 0.428689 0.019000 0.024590
3 0.325000 0.519672 0.022000 0.029508
3 0.715000 0.941803 0.018000 0.027869
2 0.531000 0.739344 0.018000 0.026230
2 0.621000 0.634426 0.024000 0.022951
2 0.807500 0.695902 0.023000 0.018033
1 0.793000 0.442623 0.022000 0.026230
1 0.628500 0.409016 0.023000 0.027869
1 0.592000 0.313934 0.022000 0.021311
1 0.256500 0.206557 0.023000 0.022951
0 0.036500 0.511475 0.005000 0.134426
0 0.046500 0.520492 0.009000 0.132787
0 0.188500 0.259016 0.005000 0.134426
0 0.231500 0.332787 0.005000 0.134426
0 0.253000 0.297541 0.004000 0.139344
0 0.324500 0.424590 0.005000 0.144262
0 0.532000 0.637705 0.006000 0.147541
0 0.590000 0.409016 0.006000 0.149180
0 0.621500 0.528689 0.009000 0.145902
0 0.629000 0.513115 0.008000 0.144262
0 0.714000 0.833607 0.006000 0.142623
0 0.791500 0.547541 0.005000 0.157377
0 0.807500 0.591803 0.007000 0.137705