4 0.284000 0.354098 0.018000 0.016393
4 0.757500 0.547541 0.023000 0.019672
1 0.056500 0.291803 0.021000 0.022951
3 0.054500 0.508197 0.017000 0.022951
3 0.131000 0.679508 0.018000 0.024590
3 0.194500 0.772131 0.019000 0.019672
3 0.445000 0.940164 0.018000 0.021311
3 0.582000 0.518852 0.016000 0.021311
3 0.659500 0.699180 0.017000 0.021311
3 0.733500 0.794262 0.015000 0.014754
3 0.792500 0.831148 0.015000 0.016393
3 0.851500 0.927869 0.017000 0.019672
3 0.916500 0.941803 0.017000 0.018033
1 0.143500 0.438525 0.021000 0.021311
1 0.595500 0.311475 0.021000 0.026230
1 0.676000 0.479508 0.018000 0.021311
1 0.719500 0.577049 0.017000 0.022951
1 0.807500 0.611475 0.025000 0.022951
1 0.881500 0.658197 0.017000 0.024590
0 0.133000 0.569672 0.006000 0.165574
0 0.143000 0.546721 0.004000 0.159016
0 0.195000 0.659836 0.008000 0.159016
0 0.282500 0.458197 0.005000 0.165574
0 0.581500 0.425410 0.007000 0.113115
0 0.592500 0.394262 0.005000 0.122951
0 0.661500 0.607377 0.007000 0.122951
0 0.674500 0.568033 0.005000 0.126230
0 0.712500 0.680328 0.005000 0.121311
0 0.719000 0.668033 0.006000 0.126230
0 0.733500 0.699180 0.005000 0.106557
0 0.756500 0.634426 0.007000 0.124590
0 0.793000 0.742623 0.006000 0.121311
0 0.805500 0.700820 0.005000 0.132787
0 0.851000 0.832787 0.006000 0.118033
0 0.882000 0.745902 0.008000 0.127869