1 0.828097 0.198965 0.021349 0.022564
3 0.207305 0.936639 0.018273 0.022885
2 0.691528 0.420895 0.019811 0.024384
4 0.659151 0.172413 0.022084 0.021598
1 0.715685 0.198957 0.020095 0.021994
4 0.399652 0.167291 0.022999 0.021491
2 0.722006 0.375819 0.018507 0.023608
4 0.913565 0.152110 0.020408 0.021208
3 0.810547 0.402178 0.017333 0.022117
3 0.092193 0.791154 0.018691 0.022323
1 0.123862 0.465061 0.019630 0.021992
1 0.443505 0.205471 0.019802 0.021958
2 0.427835 0.488070 0.019601 0.023394
3 0.861441 0.454400 0.017461 0.021760
0 0.809743 0.319741 0.006813 0.109709
4 0.763600 0.114109 0.020564 0.022363
0 0.690720 0.337187 0.006322 0.108996
0 0.426820 0.362280 0.008145 0.190899
0 0.714052 0.273993 0.005952 0.107914
0 0.206604 0.811589 0.006533 0.192770
0 0.762654 0.192758 0.006093 0.113510
0 0.122381 0.586526 0.005434 0.199511
0 0.723107 0.296004 0.006995 0.100891
0 0.398259 0.289254 0.006408 0.196513
0 0.092133 0.666961 0.007380 0.194778
0 0.860991 0.370999 0.006491 0.107683
0 0.825752 0.277685 0.005789 0.113969
0 0.657828 0.252590 0.006067 0.110187
