2 0.912655 0.569763 0.017450 0.023244
3 0.553792 0.765474 0.017850 0.022821
1 0.605577 0.272648 0.020832 0.020877
1 0.247163 0.176445 0.020232 0.020576
2 0.777666 0.887804 0.018033 0.023317
2 0.228852 0.635388 0.018945 0.022663
3 0.266763 0.645657 0.018068 0.022278
1 0.326659 0.363759 0.020916 0.021714
3 0.368392 0.936789 0.018120 0.023040
3 0.694014 0.936439 0.017615 0.021728
4 0.441556 0.238110 0.021184 0.020822
1 0.276134 0.229037 0.020842 0.019620
4 0.876476 0.125658 0.022122 0.021009
1 0.740848 0.443691 0.019993 0.022051
2 0.443302 0.624752 0.018674 0.022195
3 0.314990 0.790859 0.018553 0.023402
3 0.115309 0.884881 0.019295 0.022731
4 0.032280 0.113379 0.019014 0.017874
0 0.367717 0.743628 0.007179 0.327743
0 0.114040 0.690838 0.006787 0.331484
0 0.776886 0.758057 0.006588 0.198222
0 0.245923 0.361656 0.007097 0.339158
0 0.739488 0.568992 0.004907 0.204017
0 0.265850 0.455258 0.006972 0.328089
0 0.324985 0.547729 0.006631 0.330370
0 0.197102 0.301608 0.006720 0.345157
0 0.603891 0.395242 0.005510 0.205916
0 0.693479 0.807901 0.006494 0.202458
0 0.553090 0.636233 0.006258 0.199006
0 0.314466 0.586561 0.006678 0.317540
0 0.275230 0.422038 0.006773 0.319289
0 0.228587 0.446483 0.007216 0.335145
0 0.030346 0.303592 0.007300 0.332844
5 0.201551 0.128570 0.042293 0.038683
