0 0.029000 0.240164 0.004000 0.201639
0 0.183500 0.646721 0.005000 0.195082
0 0.194000 0.622131 0.006000 0.198361
0 0.245500 0.756557 0.007000 0.188525
0 0.333500 0.517213 0.005000 0.198361
0 0.532000 0.742623 0.006000 0.163934
0 0.641500 0.313934 0.007000 0.155738
0 0.665500 0.407377 0.007000 0.159016
0 0.711500 0.212295 0.007000 0.149180
0 0.785000 0.507377 0.008000 0.142623
0 0.797000 0.465574 0.008000 0.160656
0 0.864500 0.737705 0.005000 0.144262
0 0.878000 0.685246 0.006000 0.154098
1 0.028500 0.115574 0.015000 0.018033
1 0.109500 0.321311 0.019000 0.022951
1 0.196500 0.500000 0.023000 0.022951
1 0.798500 0.363934 0.019000 0.026230
1 0.879500 0.585246 0.021000 0.022951
3 0.105000 0.571311 0.018000 0.021311
3 0.185000 0.772951 0.020000 0.027869
3 0.246000 0.880328 0.020000 0.022951
3 0.444000 0.943443 0.016000 0.021311
3 0.533500 0.845082 0.015000 0.021311
4 0.644000 0.209836 0.024000 0.022951
4 0.713500 0.114754 0.017000 0.019672
2 0.667000 0.513115 0.020000 0.026230
3 0.785000 0.614754 0.016000 0.026230
3 0.866000 0.846721 0.018000 0.021311
3 0.916500 0.941803 0.017000 0.024590
4 0.336000 0.396721 0.024000 0.019672