2 0.642402 0.887386 0.018184 0.023890
4 0.355810 0.238150 0.021963 0.020651
1 0.161354 0.176439 0.020423 0.020791
2 0.142921 0.634885 0.019153 0.023160
2 0.398821 0.822196 0.019723 0.023041
3 0.180324 0.645730 0.018038 0.022127
3 0.228978 0.790692 0.018372 0.023565
3 0.282074 0.936807 0.018329 0.023355
1 0.240748 0.363852 0.020702 0.021635
2 0.821875 0.800614 0.019564 0.025150
1 0.190134 0.229165 0.020761 0.019844
1 0.604782 0.436341 0.019721 0.022273
3 0.029167 0.884860 0.018693 0.022339
0 0.028474 0.690905 0.008033 0.332120
4 0.740806 0.113878 0.020342 0.020644
3 0.558495 0.935936 0.017625 0.022541
0 0.398626 0.628443 0.006658 0.326165
0 0.557783 0.805110 0.007083 0.203432
0 0.111540 0.302606 0.006507 0.340922
0 0.160075 0.362237 0.006871 0.334923
0 0.353773 0.425122 0.006600 0.352075
0 0.142864 0.439690 0.007496 0.335950
0 0.179888 0.454446 0.007712 0.329466
0 0.739311 0.240564 0.005002 0.210603
0 0.603680 0.563897 0.005970 0.208595
0 0.821553 0.667899 0.007566 0.200416
0 0.228803 0.600124 0.007879 0.327538
0 0.239856 0.550551 0.006522 0.348143
0 0.641793 0.756324 0.006831 0.202128
0 0.179851 0.448940 0.005122 0.317045
0 0.188343 0.416039 0.007586 0.339741
5 0.115646 0.128728 0.042437 0.039289
5 0.913966 0.122658 0.041136 0.051946
5 0.444604 0.249080 0.038184 0.043229
