1 0.914057 0.138887 0.022335 0.023202
4 0.071054 0.267177 0.022883 0.021683
2 0.819806 0.569552 0.019736 0.023657
2 0.114480 0.694722 0.019501 0.023065
2 0.735824 0.735484 0.018767 0.023109
1 0.713074 0.374276 0.020649 0.020411
1 0.649706 0.362786 0.021303 0.021089
4 0.803521 0.242511 0.021736 0.020423
3 0.368440 0.936597 0.017663 0.022119
1 0.443580 0.408264 0.020897 0.022487
2 0.681397 0.770800 0.019341 0.023431
4 0.862590 0.112875 0.020078 0.019082
4 0.205544 0.113488 0.019824 0.019539
2 0.889963 0.498861 0.019233 0.023173
3 0.584281 0.935565 0.017591 0.021699
0 0.648439 0.484821 0.006036 0.198854
0 0.746665 0.555773 0.005950 0.197719
0 0.114123 0.550042 0.006109 0.233866
0 0.069454 0.408006 0.005552 0.237541
0 0.583475 0.811500 0.005742 0.197593
0 0.711554 0.495911 0.005477 0.199052
0 0.802151 0.365366 0.005440 0.201187
0 0.888950 0.372550 0.006602 0.187246
0 0.735422 0.607576 0.006596 0.193327
0 0.205075 0.255011 0.005817 0.240086
0 0.367469 0.792503 0.006804 0.234566
0 0.819272 0.440755 0.006629 0.189847
0 0.681372 0.642766 0.005694 0.189728
0 0.756083 0.601122 0.006588 0.196851
0 0.861233 0.236827 0.005288 0.201847
