1 0.030000 0.300820 0.018000 0.018033
1 0.081000 0.422951 0.022000 0.022951
1 0.853000 0.560656 0.020000 0.019672
1 0.917500 0.665574 0.019000 0.022951
4 0.194500 0.309836 0.025000 0.019672
4 0.330000 0.117213 0.022000 0.021311
4 0.708000 0.115574 0.020000 0.024590
3 0.019000 0.679508 0.016000 0.021311
3 0.069000 0.811475 0.016000 0.019672
3 0.122500 0.943443 0.017000 0.024590
3 0.444500 0.941803 0.019000 0.027869
2 0.239000 0.839344 0.022000 0.016393
2 0.567000 0.838525 0.020000 0.031148
2 0.838000 0.829508 0.022000 0.032787
0 0.019000 0.504918 0.006000 0.295082
0 0.028500 0.469672 0.007000 0.296721
0 0.068000 0.635246 0.008000 0.293443
0 0.079500 0.588525 0.007000 0.291803
0 0.121000 0.761475 0.006000 0.280328
0 0.193500 0.483607 0.005000 0.298361
0 0.238500 0.663934 0.009000 0.295082
0 0.329000 0.290164 0.004000 0.301639
0 0.567500 0.734426 0.009000 0.160656
0 0.707000 0.218033 0.006000 0.170492
0 0.836000 0.713934 0.008000 0.145902
0 0.851500 0.665574 0.005000 0.160656
0 0.898500 0.836066 0.009000 0.157377
3 0.897500 0.941803 0.019000 0.021311