3 0.817691 0.903856 0.016697 0.022720
3 0.665903 0.713735 0.018649 0.022701
1 0.914162 0.693730 0.019861 0.022291
3 0.770601 0.803686 0.017259 0.021561
1 0.708499 0.395006 0.019877 0.022155
3 0.240573 0.797381 0.016827 0.020943
3 0.442861 0.935983 0.016637 0.021277
1 0.852627 0.593561 0.020472 0.021554
1 0.381645 0.641492 0.020029 0.021508
1 0.780518 0.585720 0.020997 0.022501
1 0.302752 0.500468 0.019447 0.021309
3 0.896359 0.936184 0.017101 0.021518
3 0.378458 0.824549 0.016791 0.021889
4 0.549868 0.113907 0.017663 0.018579
0 0.706930 0.488517 0.005663 0.142541
0 0.816610 0.806643 0.006855 0.136803
0 0.851368 0.686291 0.005482 0.142018
0 0.895751 0.836953 0.007265 0.135904
0 0.301106 0.591174 0.005087 0.136473
0 0.769740 0.708722 0.007131 0.132247
0 0.665059 0.616267 0.006295 0.138155
0 0.239759 0.702355 0.005464 0.133308
0 0.779037 0.677280 0.006304 0.138553
0 0.548417 0.208882 0.004511 0.145124
