0 0.021500 0.633607 0.005000 0.234426
0 0.094500 0.410656 0.007000 0.237705
0 0.139000 0.553279 0.004000 0.240984
0 0.229000 0.250820 0.006000 0.236066
0 0.393000 0.792623 0.006000 0.227869
0 0.545500 0.599180 0.005000 0.119672
0 0.562000 0.553279 0.006000 0.119672
0 0.607000 0.691803 0.006000 0.121311
0 0.625500 0.635246 0.005000 0.132787
0 0.696500 0.850000 0.005000 0.126230
0 0.760500 0.650820 0.005000 0.124590
0 0.794500 0.743443 0.005000 0.119672
0 0.824500 0.655738 0.005000 0.124590
0 0.848500 0.727049 0.007000 0.119672
0 0.859500 0.695902 0.005000 0.132787
0 0.869000 0.720492 0.006000 0.122951
3 0.022500 0.781148 0.021000 0.024590
3 0.393500 0.945082 0.017000 0.024590
3 0.606000 0.777869 0.016000 0.024590
3 0.696000 0.940984 0.020000 0.022951
4 0.095500 0.270492 0.023000 0.019672
4 0.230500 0.114754 0.019000 0.026230
4 0.916500 0.486885 0.021000 0.019672
2 0.545500 0.692623 0.019000 0.024590
2 0.794500 0.839344 0.021000 0.029508
2 0.848000 0.815574 0.020000 0.027869
2 0.141000 0.700820 0.026000 0.024590
1 0.446000 0.493443 0.020000 0.022951
1 0.565500 0.470492 0.023000 0.026230
1 0.625500 0.553279 0.021000 0.027869
1 0.763000 0.567213 0.024000 0.022951
1 0.825500 0.572951 0.017000 0.024590