1 0.268000 0.491803 0.018000 0.016393
1 0.347000 0.629508 0.016000 0.019672
1 0.620500 0.388525 0.017000 0.022951
1 0.694000 0.402459 0.018000 0.018033
1 0.777500 0.472131 0.017000 0.019672
3 0.205000 0.782787 0.018000 0.018033
3 0.344000 0.809836 0.016000 0.016393
3 0.422000 0.942623 0.014000 0.019672
1 0.434500 0.745082 0.017000 0.021311
1 0.548500 0.115574 0.017000 0.018033
3 0.611500 0.678689 0.015000 0.019672
3 0.658500 0.824590 0.017000 0.022951
3 0.738500 0.871311 0.015000 0.018033
3 0.822000 0.941803 0.016000 0.018033
4 0.870500 0.459016 0.019000 0.016393
0 0.205500 0.692623 0.005000 0.129508
0 0.267500 0.581148 0.005000 0.132787
0 0.422500 0.852459 0.003000 0.127869
0 0.433500 0.836066 0.005000 0.124590
0 0.548000 0.237705 0.004000 0.196721
0 0.610500 0.557377 0.005000 0.196721
0 0.621000 0.512295 0.006000 0.195082
0 0.659000 0.698361 0.006000 0.193443
0 0.693500 0.523770 0.003000 0.188525
0 0.738500 0.748361 0.007000 0.198361
0 0.778000 0.594262 0.004000 0.195082
0 0.822500 0.810656 0.005000 0.191803
0 0.869500 0.584426 0.005000 0.195082