3 198.789703 488.005798 17.742569 13.841614
2 443.872192 452.807312 18.837097 14.368286
3 333.812286 572.704834 17.152588 13.100037
1 700.748901 150.745117 20.194519 12.804230
2 55.414696 363.151184 18.799572 13.651245
3 915.216431 411.872131 17.047302 13.917908
1 763.411804 170.579010 19.399170 12.956146
4 850.061157 82.838516 20.525208 12.608398
1 248.092438 190.220642 20.379532 12.959183
1 415.632172 200.002426 21.873474 13.442993
2 732.945923 384.364990 19.206726 14.308929
3 592.096680 572.223999 16.303894 12.446167
1 100.459503 74.374466 18.040596 12.183205
0 792.913452 311.001648 5.967773 108.650085
0 764.843872 236.799805 5.445007 106.533829
0 246.748047 284.064575 6.424484 162.913101
0 198.161499 391.476501 6.519318 159.173187
0 699.275818 221.575409 5.560425 114.361160
0 333.492432 475.977814 6.824432 158.134949
0 848.565430 154.029968 4.823914 112.750221
0 54.794971 265.720367 5.778076 157.974808
0 98.660172 169.208984 5.051003 163.274338
0 414.642029 293.059326 6.111481 161.377182
0 732.246216 310.127319 6.273499 107.047333
0 591.959045 500.286804 6.367554 111.178833
0 54.959450 265.396393 3.991112 157.154907
5 795.672424 383.226379 46.761353 32.842468
