2 0.850257 0.855668 0.019636 0.024403
2 0.370225 0.752103 0.019234 0.024885
2 0.440818 0.736532 0.019063 0.024210
1 0.869641 0.559770 0.021815 0.024151
1 0.408073 0.330216 0.021221 0.021852
3 0.901821 0.917149 0.016359 0.020974
2 0.588995 0.551545 0.019130 0.022763
1 0.603611 0.276110 0.021506 0.022445
3 0.119028 0.936078 0.017515 0.022099
3 0.715110 0.936109 0.017702 0.022649
4 0.271274 0.113605 0.021080 0.021373
1 0.790431 0.397645 0.021167 0.022798
0 0.714207 0.824784 0.007382 0.170979
0 0.588332 0.436752 0.008260 0.162736
0 0.369541 0.600886 0.007659 0.245832
0 0.270211 0.261684 0.006826 0.252020
0 0.902634 0.808964 0.007644 0.156328
0 0.536530 0.221272 0.005436 0.167431
0 0.788775 0.506396 0.006743 0.171287
4 0.537261 0.113898 0.020409 0.018800
0 0.849472 0.742411 0.008088 0.164341
0 0.867648 0.668416 0.006488 0.171739
0 0.601943 0.383246 0.007397 0.172454
0 0.118114 0.786551 0.007046 0.244943
0 0.407074 0.474598 0.007531 0.249844
