1 0.914040 0.237367 0.019792 0.022670
2 0.658942 0.743858 0.018791 0.023106
1 0.618981 0.606996 0.020712 0.022978
4 0.689509 0.467498 0.022476 0.022099
2 0.710180 0.713145 0.017031 0.021232
2 0.443456 0.616151 0.019236 0.024661
2 0.136708 0.652876 0.020318 0.023618
4 0.652457 0.544794 0.022540 0.022416
3 0.021793 0.724428 0.017396 0.022071
4 0.428083 0.366670 0.022195 0.021727
2 0.625982 0.805614 0.018748 0.022224
3 0.275854 0.936519 0.017805 0.022549
1 0.097718 0.346117 0.020251 0.021080
2 0.899409 0.459746 0.019672 0.024022
4 0.848479 0.113486 0.021674 0.022012
1 0.148520 0.423703 0.021315 0.021683
3 0.572765 0.935683 0.016660 0.021243
0 0.650797 0.633447 0.005951 0.130041
0 0.846296 0.202842 0.005570 0.133396
0 0.658399 0.647530 0.008115 0.120132
0 0.426427 0.473027 0.005863 0.166158
0 0.021453 0.614382 0.006767 0.164207
0 0.095788 0.454053 0.006054 0.172284
0 0.275091 0.826561 0.007408 0.167164
0 0.618354 0.695203 0.006304 0.129713
0 0.138388 0.546774 0.007260 0.161916
0 0.709616 0.617637 0.008044 0.121104
0 0.898582 0.365899 0.006587 0.125411
0 0.147134 0.530554 0.006383 0.166949
0 0.571679 0.845342 0.005940 0.129265
0 0.688347 0.557289 0.007468 0.128179
0 0.626034 0.708062 0.007970 0.123475
