1 0.331583 0.583268 0.020216 0.022431
1 0.263135 0.480055 0.020110 0.021715
3 0.438922 0.937273 0.016103 0.022643
3 0.326217 0.763173 0.016728 0.022165
1 0.113305 0.325528 0.020505 0.022022
3 0.415816 0.906174 0.013778 0.021130
3 0.815476 0.936604 0.017905 0.023397
2 0.136775 0.540784 0.019741 0.022484
3 0.546675 0.492548 0.016720 0.021394
1 0.847420 0.586938 0.018370 0.021011
1 0.419108 0.729295 0.019051 0.021030
3 0.912733 0.916963 0.016660 0.021744
1 0.759658 0.489102 0.019615 0.020928
3 0.059914 0.590410 0.018920 0.022937
4 0.878465 0.557537 0.019433 0.020288
2 0.859262 0.847988 0.018120 0.022226
3 0.253634 0.667502 0.017307 0.021623
1 0.443586 0.756545 0.019109 0.021320
1 0.161637 0.332953 0.019570 0.020688
3 0.721357 0.858014 0.017558 0.022135
4 0.587048 0.114303 0.018689 0.019786
0 0.059127 0.499625 0.006602 0.124330
0 0.253132 0.576229 0.006388 0.127316
0 0.160042 0.420494 0.005898 0.130322
0 0.111679 0.413145 0.006031 0.129973
0 0.585516 0.220423 0.005184 0.166516
0 0.859141 0.737506 0.006812 0.156982
0 0.758004 0.594555 0.005658 0.166325
0 0.546387 0.382022 0.006253 0.163561
0 0.261280 0.566043 0.005383 0.125509
0 0.138602 0.452236 0.007079 0.120893
0 0.720721 0.748737 0.006547 0.165355
0 0.814148 0.826348 0.006769 0.162487
0 0.846633 0.693866 0.005141 0.171820
0 0.877119 0.663859 0.005512 0.168630
