0 0.103000 0.659016 0.010000 0.213115
0 0.140500 0.557377 0.011000 0.213115
0 0.225500 0.802459 0.007000 0.211475
0 0.317000 0.531148 0.008000 0.213115
0 0.334500 0.573770 0.011000 0.209836
0 0.549500 0.483607 0.009000 0.121311
0 0.581000 0.561475 0.008000 0.109836
0 0.592000 0.535246 0.006000 0.109836
0 0.624500 0.627049 0.007000 0.116393
0 0.711000 0.382787 0.004000 0.106557
0 0.734500 0.436066 0.005000 0.111475
0 0.777000 0.330328 0.006000 0.119672
0 0.802500 0.400820 0.007000 0.119672
0 0.849500 0.273770 0.005000 0.127869
0 0.868500 0.319672 0.005000 0.118033
2 0.104000 0.800820 0.020000 0.027869
2 0.334500 0.709016 0.021000 0.031148
2 0.578500 0.640164 0.015000 0.024590
2 0.736000 0.528689 0.020000 0.024590
2 0.804000 0.480328 0.016000 0.022951
2 0.870500 0.402459 0.019000 0.024590
1 0.143500 0.428689 0.025000 0.027869
4 0.320000 0.405738 0.024000 0.027869
4 0.445500 0.116393 0.027000 0.029508
4 0.551000 0.403279 0.022000 0.022951
4 0.710500 0.309016 0.023000 0.024590
4 0.780000 0.249180 0.026000 0.026230
4 0.852000 0.189344 0.020000 0.021311
4 0.916000 0.119672 0.022000 0.019672
1 0.593500 0.456557 0.025000 0.027869
1 0.226000 0.942623 0.020000 0.026230
3 0.626500 0.712295 0.019000 0.021311