3 0.326000 0.518033 0.018000 0.022951
3 0.707500 0.941803 0.017000 0.024590
4 0.038500 0.421311 0.023000 0.022951
4 0.189500 0.168852 0.021000 0.022951
4 0.445500 0.114754 0.021000 0.019672
4 0.907500 0.116393 0.021000 0.022951
2 0.233000 0.430328 0.020000 0.018033
2 0.614500 0.631148 0.021000 0.029508
2 0.800000 0.695082 0.020000 0.026230
2 0.047000 0.616393 0.022000 0.026230
1 0.255000 0.204098 0.024000 0.021311
1 0.585000 0.316393 0.020000 0.026230
1 0.622000 0.406557 0.018000 0.022951
1 0.788000 0.444262 0.022000 0.026230
2 0.914500 0.341803 0.019000 0.018033
0 0.036500 0.512295 0.007000 0.136066
0 0.046000 0.520492 0.008000 0.122951
0 0.189000 0.259016 0.004000 0.134426
0 0.231500 0.336066 0.007000 0.127869
0 0.253500 0.296721 0.005000 0.137705
0 0.324500 0.419672 0.005000 0.124590
0 0.583500 0.416393 0.005000 0.144262
0 0.613500 0.528689 0.007000 0.139344
0 0.620000 0.505738 0.006000 0.152459
0 0.706500 0.833607 0.005000 0.136066
0 0.784000 0.546721 0.004000 0.145902
0 0.802000 0.593443 0.006000 0.137705
0 0.905500 0.216393 0.007000 0.154098