0 0.072500 0.818033 0.005000 0.200000
0 0.265000 0.286066 0.006000 0.198361
0 0.294000 0.363934 0.008000 0.190164
0 0.339000 0.238525 0.006000 0.201639
0 0.423500 0.465574 0.007000 0.196721
0 0.529500 0.545902 0.007000 0.193443
0 0.545500 0.468033 0.005000 0.191803
0 0.581000 0.626230 0.006000 0.183607
0 0.665000 0.231148 0.004000 0.190164
0 0.746500 0.616393 0.005000 0.173770
0 0.774500 0.493443 0.005000 0.193443
0 0.845500 0.823770 0.005000 0.191803
0 0.867500 0.724590 0.005000 0.193443
0 0.874000 0.753279 0.006000 0.185246
3 0.073000 0.939344 0.016000 0.019672
4 0.266500 0.161475 0.021000 0.014754
4 0.340000 0.117213 0.018000 0.024590
4 0.668000 0.114754 0.026000 0.026230
4 0.916000 0.440164 0.022000 0.027869
1 0.548500 0.350820 0.019000 0.026230
1 0.776500 0.373770 0.019000 0.022951
1 0.447500 0.295902 0.023000 0.021311
2 0.295500 0.489344 0.025000 0.024590
2 0.749500 0.740984 0.021000 0.026230
2 0.875000 0.876230 0.024000 0.024590
3 0.425000 0.589344 0.018000 0.027869
3 0.529500 0.663115 0.017000 0.021311
3 0.584000 0.752459 0.022000 0.026230
3 0.845500 0.938525 0.019000 0.027869
1 0.866500 0.611475 0.021000 0.019672