3 0.799048 0.903429 0.016879 0.022963
1 0.911298 0.668506 0.020259 0.021669
1 0.834165 0.594603 0.020302 0.021504
3 0.646736 0.713133 0.017973 0.021389
1 0.761638 0.585550 0.020553 0.021545
3 0.442887 0.936011 0.016787 0.021284
1 0.689514 0.395022 0.019633 0.021295
3 0.378548 0.824743 0.016817 0.022505
3 0.877620 0.936358 0.016900 0.022086
1 0.381641 0.641491 0.019995 0.021440
3 0.240634 0.797345 0.016746 0.020799
1 0.302751 0.500470 0.019411 0.021277
3 0.751789 0.804265 0.016311 0.021444
0 0.877273 0.838659 0.006546 0.134564
0 0.832503 0.687273 0.005192 0.143588
0 0.301104 0.591156 0.005075 0.136415
0 0.760153 0.677393 0.006034 0.138198
0 0.646197 0.615464 0.005898 0.135760
0 0.239754 0.702256 0.005526 0.133160
0 0.798200 0.805257 0.005487 0.133498
0 0.751195 0.708862 0.006949 0.136442
4 0.530796 0.113206 0.017160 0.017443
0 0.529032 0.207030 0.004844 0.137737
