3 249.720795 488.066223 17.333496 13.781708
1 885.550293 170.643600 19.574036 12.798523
1 822.287109 150.485260 20.336853 12.641495
3 713.640381 572.722046 16.389832 12.909912
1 298.948975 190.185181 20.422943 12.539276
2 106.148239 362.962158 19.221336 13.841156
1 151.031219 74.626846 18.083801 12.300522
3 384.576172 572.599121 16.635101 12.872620
2 854.500000 384.517181 19.175293 14.065491
1 444.965576 250.428894 20.437500 13.085068
4 60.215881 69.295334 19.914356 11.287960
4 587.947815 69.684517 17.948608 11.855927
0 105.645103 266.668365 6.207138 157.941330
0 820.910583 221.205627 5.661621 113.989929
0 59.107750 164.847809 5.138348 160.278564
0 713.175171 500.272369 6.440247 111.946716
0 885.822754 236.571289 5.076843 107.561386
0 587.131470 140.534332 5.595215 113.917358
0 297.515930 283.644257 5.265717 162.296341
0 383.350891 476.263855 6.336212 158.986572
0 853.385254 310.209900 6.006042 107.681366
0 150.025940 168.690765 5.428879 163.515442
5 916.432007 383.136383 35.382080 31.507507
