0 0.123000 0.286066 0.004000 0.204918
0 0.151000 0.361475 0.004000 0.201639
0 0.197500 0.236066 0.003000 0.203279
0 0.282500 0.461475 0.005000 0.198361
0 0.366000 0.240164 0.004000 0.204918
0 0.397000 0.320492 0.006000 0.208197
0 0.414500 0.272951 0.007000 0.198361
0 0.434000 0.327869 0.006000 0.200000
0 0.532000 0.751639 0.006000 0.181967
0 0.641500 0.233607 0.005000 0.188525
0 0.710000 0.552459 0.006000 0.186885
0 0.763500 0.302459 0.005000 0.191803
0 0.802500 0.489344 0.005000 0.195082
0 0.821500 0.400000 0.005000 0.186885
0 0.857000 0.564754 0.006000 0.181967
4 0.125000 0.164754 0.024000 0.024590
4 0.200500 0.116393 0.017000 0.022951
4 0.644500 0.117213 0.023000 0.024590
4 0.912000 0.238525 0.020000 0.021311
2 0.153000 0.487705 0.026000 0.021311
2 0.398000 0.445082 0.018000 0.024590
2 0.534000 0.873770 0.018000 0.022951
2 0.711000 0.673770 0.018000 0.029508
2 0.805000 0.605738 0.020000 0.024590
3 0.285500 0.590984 0.025000 0.021311
3 0.437000 0.449180 0.018000 0.022951
3 0.859000 0.684426 0.018000 0.027869
1 0.417500 0.150820 0.023000 0.019672
1 0.447500 0.184426 0.021000 0.024590
1 0.766500 0.184426 0.023000 0.021311
1 0.821000 0.284426 0.018000 0.021311