4 0.288000 0.116393 0.022000 0.019672
4 0.582500 0.114754 0.021000 0.019672
1 0.648000 0.277049 0.020000 0.022951
1 0.835000 0.398361 0.020000 0.016393
1 0.426000 0.331967 0.022000 0.018033
2 0.387500 0.755738 0.017000 0.026230
2 0.445000 0.694262 0.018000 0.018033
3 0.136500 0.940984 0.017000 0.019672
2 0.633000 0.554098 0.018000 0.026230
3 0.760000 0.939344 0.018000 0.019672
2 0.895000 0.859016 0.014000 0.022951
0 0.135000 0.789344 0.006000 0.240984
0 0.287000 0.266393 0.006000 0.254098
0 0.387000 0.609016 0.006000 0.250820
0 0.424500 0.479508 0.007000 0.250820
0 0.581000 0.226230 0.006000 0.170492
0 0.633500 0.440984 0.009000 0.157377
0 0.646500 0.383607 0.007000 0.160656
0 0.759500 0.828689 0.007000 0.162295
0 0.834000 0.512295 0.006000 0.175410
0 0.895000 0.743443 0.008000 0.155738
1 0.915000 0.562295 0.022000 0.019672