0 0.010500 0.231967 0.005000 0.185246
0 0.165000 0.617213 0.006000 0.178689
0 0.176500 0.592623 0.005000 0.181967
0 0.227500 0.719672 0.005000 0.186885
0 0.316000 0.494262 0.006000 0.185246
0 0.553500 0.297541 0.007000 0.149180
0 0.577000 0.378689 0.006000 0.140984
0 0.622500 0.209016 0.003000 0.145902
0 0.696000 0.475410 0.006000 0.131148
0 0.707000 0.437705 0.004000 0.144262
0 0.789500 0.638525 0.007000 0.139344
0 0.776000 0.683607 0.008000 0.134426
0 0.827000 0.772131 0.008000 0.134426
0 0.834500 0.754098 0.007000 0.147541
0 0.848000 0.797541 0.006000 0.139344
0 0.870500 0.714754 0.003000 0.144262
0 0.907500 0.837705 0.007000 0.137705
1 0.090500 0.310656 0.019000 0.018033
1 0.176500 0.476230 0.019000 0.024590
1 0.708000 0.341803 0.018000 0.024590
1 0.792000 0.544262 0.022000 0.022951
1 0.834500 0.654098 0.017000 0.026230
1 0.918500 0.716393 0.023000 0.022951
3 0.087500 0.545902 0.019000 0.022951
3 0.165000 0.731967 0.018000 0.021311
3 0.228000 0.839344 0.018000 0.026230
3 0.445000 0.940164 0.018000 0.021311
4 0.554000 0.202459 0.022000 0.021311
4 0.624000 0.116393 0.022000 0.019672
4 0.872500 0.618852 0.019000 0.024590
2 0.577000 0.481148 0.020000 0.021311
3 0.697000 0.577049 0.018000 0.022951
3 0.776000 0.785246 0.016000 0.022951
3 0.828000 0.870492 0.012000 0.022951
3 0.849000 0.899180 0.016000 0.018033
3 0.907500 0.940164 0.019000 0.021311
4 0.315500 0.380328 0.019000 0.022951