0 0.061500 0.640984 0.007000 0.121311
0 0.123500 0.542623 0.005000 0.121311
0 0.279000 0.792623 0.004000 0.122951
0 0.289000 0.774590 0.006000 0.109836
0 0.340500 0.857377 0.005000 0.114754
0 0.428500 0.710656 0.005000 0.109836
0 0.566500 0.417213 0.005000 0.181967
0 0.623500 0.673770 0.005000 0.177049
0 0.684500 0.824590 0.007000 0.173770
0 0.795000 0.337705 0.008000 0.177049
0 0.818000 0.438525 0.006000 0.172131
0 0.864000 0.230328 0.006000 0.175410
3 0.061500 0.729508 0.015000 0.019672
1 0.123000 0.459836 0.018000 0.018033
1 0.203000 0.583607 0.018000 0.016393
1 0.291000 0.690984 0.020000 0.021311
1 0.637500 0.495082 0.017000 0.019672
3 0.201000 0.754918 0.016000 0.021311
3 0.279500 0.876230 0.017000 0.021311
3 0.341500 0.941803 0.019000 0.018033
3 0.623500 0.790984 0.013000 0.021311
3 0.916500 0.584426 0.017000 0.018033
3 0.684000 0.943443 0.014000 0.018033
2 0.444000 0.822951 0.020000 0.019672
4 0.430500 0.627049 0.023000 0.021311
4 0.568000 0.299180 0.020000 0.021311
4 0.793500 0.224590 0.017000 0.019672
4 0.865000 0.117213 0.018000 0.014754
2 0.819000 0.561475 0.016000 0.021311
0 0.637500 0.612295 0.005000 0.178689