3 0.679065 0.684806 0.018040 0.023585
3 0.039454 0.582741 0.017307 0.022452
1 0.696467 0.478861 0.019791 0.021947
1 0.088967 0.240173 0.020253 0.021369
1 0.881092 0.684619 0.019271 0.022385
3 0.801189 0.857249 0.017310 0.022808
3 0.443183 0.936162 0.016897 0.021644
1 0.256151 0.250382 0.021793 0.022205
3 0.864114 0.890155 0.016577 0.021681
1 0.745792 0.551435 0.019430 0.021762
3 0.912383 0.935942 0.015813 0.021833
1 0.826835 0.625209 0.019460 0.022466
3 0.174262 0.675221 0.018038 0.021968
3 0.733356 0.744007 0.016379 0.021618
0 0.863485 0.805693 0.006935 0.110833
0 0.800211 0.773513 0.006041 0.113295
0 0.746333 0.628115 0.006260 0.108442
0 0.879121 0.763719 0.006050 0.116065
0 0.825834 0.703624 0.006526 0.114276
0 0.173535 0.559597 0.007367 0.177089
0 0.254554 0.363522 0.005743 0.181111
0 0.695294 0.558219 0.006195 0.115513
0 0.038890 0.466087 0.007457 0.172625
0 0.732564 0.659785 0.007206 0.110821
4 0.530593 0.113359 0.017417 0.017869
0 0.679121 0.600855 0.006811 0.111616
0 0.087138 0.351703 0.006274 0.179717
0 0.529092 0.193680 0.005298 0.111555
