2 665.332520 352.395691 19.115234 14.718781
2 378.020081 393.792786 19.591461 14.759064
4 445.018738 74.063614 21.311401 13.047096
4 797.181152 113.534386 22.877686 13.626999
1 680.243652 222.224075 21.948547 15.368256
4 637.666321 182.342560 21.999878 13.817795
3 269.548645 559.010254 19.067047 13.650879
2 821.703857 268.895782 20.309937 14.526367
4 362.700256 182.062469 22.438507 12.859558
2 889.371704 234.710388 19.040344 14.335449
3 712.403198 401.651306 17.830139 14.293335
2 148.440521 460.373566 19.346146 14.452454
1 186.643433 202.015472 23.452408 14.034256
4 864.322021 69.213226 20.554932 12.991219
0 377.388855 299.953552 8.040619 150.817856
4 49.191948 69.559982 19.920109 11.837212
0 862.660950 125.541679 6.346924 83.710953
0 666.876038 297.674316 7.249756 75.221771
0 268.816528 465.754974 7.114044 151.808167
0 636.291016 238.666809 7.154236 86.138199
0 361.319214 271.849609 7.407440 150.952682
0 184.872375 290.768646 7.458511 153.240738
0 797.025024 167.427490 6.918030 79.121017
0 888.462524 175.909821 8.077576 78.571671
0 678.171021 277.243530 7.883301 81.661484
0 48.205402 158.906647 6.111519 153.161316
0 711.095886 342.763580 7.913086 80.390442
0 820.918762 209.881927 7.130249 79.193405
0 148.011139 367.328674 7.495224 151.491974
0 666.660034 296.524475 10.089600 76.859650
0 148.199860 367.116150 5.251266 153.255585
5 917.603210 75.164978 40.225220 32.470036
