2 0.912907 0.700382 0.018875 0.024692
1 0.619518 0.287101 0.019987 0.022501
1 0.538233 0.200766 0.019679 0.021858
3 0.791654 0.936485 0.017673 0.022236
3 0.593390 0.551598 0.017627 0.022574
3 0.656679 0.591011 0.016722 0.021286
3 0.035288 0.514638 0.017707 0.021535
1 0.888106 0.435847 0.020520 0.023069
1 0.673421 0.357603 0.021206 0.022415
1 0.117576 0.122480 0.018863 0.021523
3 0.385793 0.936898 0.016536 0.021323
0 0.672215 0.447837 0.006062 0.136273
1 0.443686 0.600982 0.019777 0.021876
0 0.538622 0.286950 0.005196 0.126556
0 0.886166 0.525101 0.005969 0.131662
0 0.034244 0.405896 0.006648 0.159438
0 0.385056 0.829482 0.006229 0.160603
3 0.526484 0.417048 0.013723 0.022031
0 0.116045 0.228436 0.005684 0.165330
0 0.790789 0.842432 0.006133 0.129791
0 0.618198 0.376460 0.005451 0.135876
0 0.592693 0.457496 0.006955 0.129181
