3 0.651976 0.774978 0.019668 0.024212
3 0.044796 0.775182 0.019380 0.023903
2 0.591453 0.687271 0.019931 0.024163
2 0.892344 0.811809 0.018458 0.023317
4 0.117527 0.267341 0.023106 0.021809
2 0.161005 0.694804 0.019881 0.023584
1 0.607839 0.465707 0.019873 0.021866
1 0.672070 0.547411 0.023237 0.024541
2 0.837960 0.833867 0.019259 0.024039
3 0.414372 0.936287 0.018210 0.022391
1 0.443021 0.561500 0.020111 0.021841
3 0.740720 0.936187 0.018797 0.022568
1 0.806233 0.561542 0.021742 0.022010
1 0.904241 0.606152 0.020011 0.021837
1 0.869206 0.568822 0.020498 0.021514
0 0.650909 0.684135 0.007107 0.113954
4 0.252195 0.114364 0.020588 0.020267
0 0.804825 0.646821 0.004492 0.127585
0 0.043190 0.628518 0.007462 0.234829
0 0.590370 0.597998 0.006052 0.120242
0 0.160625 0.550266 0.006742 0.235149
0 0.891709 0.724715 0.005815 0.113081
0 0.902631 0.692595 0.005491 0.120068
0 0.606399 0.549295 0.005400 0.128401
0 0.739630 0.847896 0.005867 0.120840
0 0.867755 0.654012 0.004688 0.125679
0 0.669369 0.631087 0.005482 0.126255
0 0.115966 0.408975 0.006109 0.239935
0 0.413703 0.792825 0.006386 0.234691
0 0.837529 0.743270 0.006260 0.118424
