0 0.137500 0.610656 0.005000 0.162295
0 0.214000 0.461475 0.006000 0.168852
0 0.256000 0.544262 0.006000 0.157377
0 0.264000 0.537705 0.006000 0.163934
0 0.393500 0.826230 0.007000 0.157377
0 0.568000 0.208197 0.008000 0.144262
0 0.646000 0.490164 0.004000 0.140984
0 0.664500 0.426230 0.005000 0.140984
0 0.776500 0.845902 0.007000 0.150820
0 0.823500 0.672131 0.005000 0.144262
0 0.832000 0.694262 0.006000 0.142623
0 0.855500 0.604918 0.005000 0.144262
0 0.864500 0.631967 0.005000 0.152459
0 0.894500 0.518852 0.005000 0.145902
3 0.140000 0.730328 0.020000 0.024590
3 0.393500 0.942623 0.019000 0.019672
3 0.645000 0.594262 0.018000 0.027869
3 0.779500 0.938525 0.017000 0.034426
1 0.216000 0.350000 0.022000 0.024590
1 0.268000 0.429508 0.026000 0.022951
1 0.571000 0.116393 0.020000 0.019672
1 0.668000 0.331148 0.020000 0.026230
1 0.824500 0.576230 0.023000 0.024590
1 0.445000 0.607377 0.022000 0.027869
2 0.865500 0.724590 0.019000 0.022951
2 0.255000 0.657377 0.020000 0.026230
2 0.830500 0.794262 0.019000 0.031148
2 0.917500 0.690164 0.019000 0.026230
4 0.858000 0.507377 0.026000 0.021311
4 0.895500 0.418033 0.025000 0.026230