0 0.141000 0.607377 0.006000 0.227869
0 0.040000 0.275410 0.006000 0.239344
0 0.178500 0.486885 0.007000 0.242623
0 0.262500 0.771311 0.009000 0.240984
0 0.356500 0.454918 0.007000 0.247541
0 0.372000 0.503279 0.010000 0.236066
0 0.631500 0.409016 0.009000 0.136066
0 0.660000 0.504918 0.008000 0.124590
0 0.673500 0.469672 0.009000 0.132787
0 0.706000 0.576230 0.010000 0.129508
0 0.792500 0.290164 0.009000 0.124590
0 0.817000 0.363115 0.012000 0.129508
0 0.858000 0.224590 0.008000 0.127869
0 0.884500 0.304918 0.011000 0.124590
4 0.042000 0.129508 0.022000 0.019672
1 0.181500 0.343443 0.021000 0.021311
4 0.358000 0.313934 0.024000 0.021311
4 0.446500 0.117213 0.021000 0.018033
4 0.630000 0.319672 0.020000 0.019672
4 0.792500 0.209836 0.021000 0.019672
4 0.917500 0.114754 0.019000 0.022951
4 0.860000 0.140984 0.022000 0.022951
1 0.675500 0.385246 0.023000 0.029508
2 0.815000 0.457377 0.020000 0.022951
2 0.885500 0.405738 0.021000 0.027869
2 0.660500 0.591803 0.019000 0.032787
2 0.372500 0.652459 0.023000 0.016393
2 0.141500 0.759836 0.023000 0.021311
3 0.263000 0.918852 0.018000 0.021311
3 0.706500 0.669672 0.019000 0.024590