0 0.241000 0.706557 0.006000 0.131148
0 0.302000 0.593443 0.004000 0.137705
0 0.552500 0.209016 0.005000 0.142623
0 0.670500 0.622951 0.007000 0.134426
0 0.712000 0.490984 0.004000 0.139344
0 0.775500 0.713934 0.007000 0.132787
0 0.785000 0.685246 0.006000 0.140984
0 0.822500 0.810656 0.005000 0.132787
0 0.858000 0.690164 0.008000 0.134426
0 0.902000 0.846721 0.006000 0.139344
3 0.241000 0.800820 0.016000 0.018033
1 0.305000 0.502459 0.020000 0.018033
1 0.383000 0.645902 0.018000 0.022951
1 0.714500 0.396721 0.021000 0.019672
1 0.786000 0.586885 0.018000 0.022951
1 0.859500 0.598361 0.025000 0.019672
1 0.917500 0.705738 0.019000 0.021311
3 0.381000 0.829508 0.018000 0.019672
3 0.445000 0.940984 0.018000 0.019672
3 0.670500 0.718033 0.019000 0.019672
3 0.776500 0.807377 0.019000 0.018033
3 0.824000 0.908197 0.020000 0.022951
3 0.903000 0.940164 0.018000 0.021311
4 0.554000 0.116393 0.018000 0.016393