2 0.553584 0.679946 0.019678 0.023823
3 0.726312 0.936303 0.017626 0.022241
3 0.185339 0.799315 0.018909 0.022534
4 0.603684 0.329705 0.021861 0.021611
1 0.540237 0.450270 0.019402 0.021576
4 0.913752 0.113123 0.020285 0.020700
3 0.299798 0.936555 0.018092 0.022281
1 0.027160 0.154862 0.020050 0.021338
3 0.020891 0.398619 0.015311 0.020378
1 0.217329 0.487211 0.023043 0.023978
4 0.443229 0.330534 0.020614 0.020222
0 0.725778 0.842353 0.005459 0.132867
0 0.602107 0.421902 0.005111 0.136422
0 0.215092 0.602644 0.006104 0.188790
0 0.184496 0.678879 0.007986 0.184527
0 0.538884 0.543458 0.005271 0.140920
0 0.298755 0.816681 0.006826 0.184077
0 0.553111 0.583650 0.005734 0.130921
