0 0.081500 0.288525 0.007000 0.200000
0 0.109500 0.363934 0.005000 0.196721
0 0.156500 0.239344 0.005000 0.203279
0 0.241000 0.469672 0.006000 0.204918
0 0.324500 0.236885 0.005000 0.201639
0 0.356000 0.318033 0.008000 0.190164
0 0.373000 0.272951 0.006000 0.195082
0 0.393000 0.322131 0.006000 0.188525
0 0.402000 0.306557 0.006000 0.200000
0 0.529000 0.244262 0.004000 0.209836
0 0.597000 0.610656 0.004000 0.198361
0 0.651000 0.324590 0.006000 0.216393
0 0.691500 0.535246 0.005000 0.204918
0 0.709500 0.435246 0.005000 0.214754
0 0.745000 0.627869 0.008000 0.206557
0 0.799000 0.390984 0.008000 0.211475
0 0.876500 0.804098 0.007000 0.208197
4 0.081000 0.163934 0.022000 0.019672
4 0.157500 0.114754 0.019000 0.019672
1 0.375000 0.153279 0.018000 0.021311
1 0.404500 0.186066 0.021000 0.021311
1 0.445000 0.287705 0.020000 0.021311
1 0.652000 0.195082 0.024000 0.022951
1 0.710500 0.309016 0.015000 0.024590
1 0.913500 0.477049 0.019000 0.022951
2 0.110500 0.487705 0.023000 0.018033
2 0.357000 0.446721 0.018000 0.024590
2 0.598000 0.750820 0.020000 0.022951
2 0.690000 0.670492 0.018000 0.026230
3 0.745500 0.761475 0.019000 0.021311
3 0.877000 0.941803 0.020000 0.024590
3 0.441500 0.535246 0.015000 0.018033
3 0.394500 0.452459 0.017000 0.022951
3 0.241500 0.592623 0.017000 0.024590
4 0.799000 0.255738 0.020000 0.019672