3 0.019845 0.673020 0.017251 0.022290
3 0.073139 0.774670 0.018794 0.022972
3 0.824791 0.774533 0.018307 0.022870
4 0.146138 0.266999 0.022416 0.021353
2 0.763768 0.687234 0.020253 0.024969
1 0.780843 0.465744 0.020721 0.022679
3 0.443184 0.936383 0.017837 0.022328
1 0.844350 0.547345 0.022713 0.024149
1 0.031201 0.356075 0.020644 0.021478
3 0.913324 0.936395 0.017751 0.022841
2 0.189396 0.695041 0.020119 0.023603
4 0.636080 0.114664 0.020452 0.020766
0 0.823740 0.685180 0.006812 0.118801
4 0.280388 0.113672 0.019946 0.019983
0 0.019441 0.524672 0.007377 0.235484
0 0.144394 0.409507 0.006312 0.239512
0 0.763075 0.596842 0.006947 0.120697
0 0.634867 0.200593 0.005782 0.128591
0 0.279015 0.254764 0.005751 0.238940
0 0.072076 0.627842 0.007221 0.232446
0 0.779327 0.550085 0.006762 0.125239
0 0.841640 0.630727 0.005656 0.124143
0 0.188593 0.550912 0.007412 0.234954
0 0.030391 0.500631 0.007880 0.247434
