4 0.082000 0.114754 0.018000 0.019672
4 0.568000 0.114754 0.020000 0.016393
4 0.916500 0.396721 0.017000 0.022951
2 0.035000 0.710656 0.020000 0.021311
2 0.280000 0.638525 0.016000 0.021311
2 0.868500 0.892623 0.019000 0.024590
1 0.297500 0.178689 0.019000 0.019672
1 0.325500 0.231967 0.017000 0.021311
1 0.378500 0.367213 0.021000 0.022951
1 0.445000 0.471311 0.022000 0.024590
1 0.696500 0.277869 0.017000 0.024590
1 0.833000 0.447541 0.020000 0.019672
3 0.164000 0.889344 0.018000 0.024590
3 0.316500 0.648361 0.015000 0.021311
3 0.366000 0.795082 0.016000 0.026230
3 0.421000 0.941803 0.020000 0.024590
3 0.645500 0.772131 0.019000 0.029508
3 0.784500 0.940984 0.017000 0.022951
0 0.034000 0.519672 0.006000 0.324590
0 0.081500 0.306557 0.005000 0.334426
0 0.165000 0.698361 0.004000 0.318033
0 0.250000 0.308197 0.006000 0.337705
0 0.280500 0.448361 0.005000 0.336066
0 0.297500 0.364754 0.005000 0.336066
0 0.317500 0.462295 0.003000 0.340984
0 0.326000 0.415574 0.004000 0.326230
0 0.366500 0.598361 0.007000 0.318033
0 0.377500 0.555738 0.005000 0.327869
0 0.420000 0.742623 0.006000 0.321311
0 0.567000 0.240984 0.006000 0.200000
0 0.644000 0.641803 0.006000 0.201639
0 0.695500 0.395082 0.005000 0.209836
0 0.785000 0.815574 0.008000 0.204918
0 0.831000 0.571311 0.006000 0.195082
0 0.869000 0.763115 0.006000 0.204918