1 0.055500 0.530328 0.021000 0.021311
1 0.838000 0.249180 0.022000 0.022951
2 0.017500 0.831967 0.019000 0.021311
2 0.247000 0.761475 0.014000 0.021311
2 0.595500 0.880328 0.019000 0.019672
2 0.662000 0.772131 0.018000 0.016393
4 0.570500 0.585246 0.023000 0.019672
4 0.644000 0.507377 0.022000 0.018033
4 0.789000 0.117213 0.020000 0.024590
4 0.892000 0.131148 0.022000 0.019672
2 0.909000 0.402459 0.022000 0.021311
2 0.828500 0.473770 0.017000 0.029508
3 0.848000 0.481148 0.018000 0.027869
4 0.232000 0.509016 0.026000 0.021311
2 0.440500 0.354098 0.019000 0.019672
4 0.433000 0.113934 0.026000 0.021311
3 0.139000 0.943443 0.020000 0.021311
0 0.017500 0.717213 0.009000 0.162295
0 0.056500 0.632787 0.013000 0.167213
0 0.140000 0.831967 0.010000 0.162295
0 0.232000 0.615574 0.006000 0.175410
0 0.248000 0.647541 0.008000 0.163934
0 0.432000 0.224590 0.008000 0.170492
0 0.569500 0.689344 0.005000 0.152459
0 0.595500 0.773770 0.007000 0.137705
0 0.642000 0.605738 0.006000 0.159016
0 0.661000 0.670492 0.010000 0.144262
0 0.787000 0.216393 0.006000 0.154098
0 0.830500 0.372951 0.007000 0.149180
0 0.836000 0.349180 0.008000 0.150820
0 0.846500 0.374590 0.009000 0.139344
0 0.890500 0.218852 0.009000 0.122951
0 0.908500 0.299180 0.009000 0.142623