1 0.554879 0.262504 0.021008 0.021388
2 0.186787 0.635222 0.018207 0.022099
1 0.284784 0.363780 0.021356 0.021513
2 0.726103 0.886920 0.018371 0.023386
4 0.399526 0.238305 0.022373 0.020962
2 0.905601 0.800629 0.018711 0.023551
3 0.224676 0.644997 0.018198 0.022778
3 0.642380 0.936378 0.017109 0.021936
3 0.326671 0.936831 0.018788 0.023149
3 0.272597 0.791242 0.018728 0.023489
1 0.205148 0.176506 0.020941 0.020546
2 0.443173 0.821931 0.018769 0.023640
1 0.234317 0.229392 0.021447 0.020568
3 0.073317 0.884929 0.018856 0.022466
1 0.913577 0.511538 0.020462 0.022670
4 0.825326 0.113627 0.019917 0.019796
1 0.689176 0.436263 0.020482 0.022553
0 0.224124 0.449876 0.006811 0.324677
0 0.398297 0.426750 0.005672 0.332395
0 0.325378 0.741897 0.007325 0.330282
0 0.204659 0.367296 0.005844 0.342027
0 0.823547 0.239740 0.005496 0.209624
0 0.272459 0.598305 0.006346 0.327030
0 0.725931 0.755940 0.006671 0.201233
0 0.283012 0.549921 0.006525 0.340762
0 0.641851 0.807054 0.005875 0.203440
0 0.072475 0.693104 0.006284 0.324992
0 0.232475 0.423310 0.006002 0.338398
0 0.904887 0.670847 0.007054 0.202237
0 0.552670 0.386180 0.005011 0.208563
0 0.186914 0.440271 0.007920 0.319183
5 0.159279 0.129456 0.042924 0.037472
