3 0.059500 0.680328 0.021000 0.022951
3 0.317000 0.941803 0.016000 0.024590
3 0.576000 0.942623 0.022000 0.029508
4 0.147500 0.114754 0.021000 0.019672
4 0.630500 0.409016 0.023000 0.021311
4 0.763500 0.114754 0.021000 0.022951
1 0.392000 0.439344 0.018000 0.026230
1 0.445000 0.544262 0.020000 0.022951
1 0.542500 0.520492 0.023000 0.021311
1 0.886000 0.301639 0.018000 0.022951
2 0.433000 0.841803 0.020000 0.024590
2 0.668500 0.857377 0.019000 0.026230
2 0.838500 0.772131 0.021000 0.032787
2 0.916500 0.709836 0.021000 0.022951
0 0.059000 0.536066 0.008000 0.239344
0 0.148000 0.254098 0.008000 0.236066
0 0.318500 0.800820 0.007000 0.224590
0 0.392500 0.578689 0.009000 0.236066
0 0.436000 0.702459 0.008000 0.227869
0 0.543000 0.642623 0.006000 0.206557
0 0.577000 0.810656 0.008000 0.198361
0 0.630000 0.540984 0.006000 0.209836
0 0.668000 0.726230 0.008000 0.203279
0 0.761000 0.240984 0.006000 0.206557
0 0.841500 0.645902 0.007000 0.193443
0 0.885000 0.422131 0.006000 0.208197