0 0.043000 0.373770 0.006000 0.304918
0 0.075000 0.493443 0.006000 0.288525
0 0.091500 0.428689 0.007000 0.300000
0 0.112000 0.509016 0.006000 0.300000
0 0.121000 0.476230 0.004000 0.293443
0 0.160500 0.627049 0.005000 0.286885
0 0.171500 0.595082 0.003000 0.295082
0 0.213500 0.768852 0.009000 0.298361
0 0.287000 0.482787 0.006000 0.296721
0 0.331000 0.662295 0.008000 0.301639
0 0.421000 0.286066 0.008000 0.300000
0 0.635000 0.428689 0.008000 0.162295
0 0.536000 0.831148 0.006000 0.160656
0 0.716500 0.763115 0.007000 0.159016
0 0.857500 0.220492 0.009000 0.165574
1 0.092500 0.255738 0.021000 0.019672
1 0.124500 0.303279 0.029000 0.022951
1 0.172500 0.422131 0.023000 0.024590
4 0.288000 0.311475 0.024000 0.019672
4 0.635000 0.318033 0.018000 0.022951
4 0.859000 0.113934 0.020000 0.021311
4 0.424500 0.114754 0.023000 0.022951
2 0.074000 0.672131 0.018000 0.022951
2 0.331000 0.836885 0.018000 0.024590
2 0.445500 0.548361 0.019000 0.027869
3 0.112000 0.680328 0.016000 0.022951
3 0.162500 0.811475 0.017000 0.026230
3 0.214500 0.944262 0.019000 0.022951
2 0.717500 0.872131 0.017000 0.022951
2 0.916000 0.569672 0.016000 0.027869