1 0.589887 0.313198 0.020640 0.022809
1 0.790301 0.440141 0.021704 0.023167
4 0.038373 0.416035 0.022016 0.021675
1 0.254553 0.204507 0.022229 0.022406
4 0.189561 0.166514 0.022323 0.021686
2 0.046171 0.613413 0.019456 0.022736
3 0.712626 0.936285 0.017755 0.022304
2 0.231538 0.425482 0.020426 0.023961
4 0.911325 0.113143 0.020783 0.021280
4 0.443497 0.112273 0.019950 0.018911
3 0.324070 0.515243 0.019641 0.023447
1 0.626745 0.404232 0.021278 0.022978
2 0.619111 0.628287 0.021467 0.026992
2 0.803536 0.691847 0.019795 0.024270
2 0.531325 0.737290 0.018439 0.025611
0 0.323753 0.421669 0.006594 0.133684
0 0.230925 0.329667 0.006390 0.132411
0 0.252437 0.295174 0.005411 0.136476
0 0.046375 0.516226 0.007767 0.133018
0 0.529287 0.631413 0.007220 0.144467
0 0.788762 0.539366 0.005647 0.152745
0 0.618104 0.524032 0.007221 0.145433
0 0.804743 0.591649 0.007366 0.138130
0 0.587993 0.412748 0.006120 0.153781
0 0.711767 0.833131 0.006439 0.148566
0 0.036798 0.506694 0.006863 0.136543
0 0.188691 0.257943 0.006468 0.138626
