2 0.913046 0.351425 0.018648 0.024736
2 0.756653 0.712969 0.017730 0.022464
1 0.665815 0.607001 0.020621 0.022746
4 0.736364 0.467504 0.022604 0.022144
2 0.705601 0.743906 0.018781 0.023025
2 0.152228 0.652899 0.020152 0.023061
4 0.699239 0.544776 0.022523 0.022477
3 0.291051 0.936289 0.017591 0.022415
4 0.443630 0.366535 0.020940 0.020752
3 0.619901 0.935786 0.017602 0.022259
3 0.037553 0.724962 0.017719 0.022312
4 0.895239 0.113314 0.021902 0.022133
1 0.113286 0.346045 0.020035 0.020708
2 0.672595 0.805649 0.019267 0.022382
1 0.163750 0.423563 0.020098 0.021085
0 0.892992 0.202035 0.006220 0.131531
0 0.697595 0.633453 0.005903 0.130137
0 0.705121 0.647624 0.008007 0.119578
0 0.665094 0.694966 0.006334 0.130024
0 0.153218 0.543732 0.007607 0.159431
0 0.756006 0.618978 0.007261 0.123224
0 0.111651 0.454190 0.005800 0.172994
0 0.735317 0.555903 0.005354 0.131558
0 0.037186 0.614006 0.006926 0.164893
0 0.162079 0.530153 0.006228 0.169997
0 0.673133 0.709822 0.006995 0.122993
0 0.618498 0.845495 0.006645 0.130273
0 0.289886 0.825680 0.006711 0.165588
