2 0.833879 0.420891 0.019930 0.024252
1 0.857666 0.199032 0.020172 0.022230
4 0.443896 0.167773 0.022145 0.021504
1 0.168472 0.465116 0.021190 0.022499
4 0.801529 0.172682 0.023077 0.022140
3 0.136438 0.791212 0.018319 0.021773
2 0.864539 0.375775 0.019242 0.023960
3 0.251408 0.936254 0.017680 0.022216
4 0.906606 0.113872 0.022035 0.021795
3 0.584130 0.935811 0.017119 0.021350
0 0.135713 0.666116 0.007745 0.194161
0 0.832608 0.336899 0.006369 0.108122
0 0.799975 0.252702 0.006112 0.112110
0 0.166495 0.587389 0.006258 0.199256
0 0.855963 0.275009 0.005471 0.109178
0 0.583273 0.855241 0.004951 0.108661
0 0.865751 0.295141 0.007591 0.101539
0 0.905091 0.192515 0.007119 0.111080
