0 0.026000 0.424590 0.006000 0.291803
0 0.046000 0.500000 0.006000 0.275410
0 0.054500 0.470492 0.007000 0.298361
0 0.094000 0.637705 0.006000 0.291803
0 0.105500 0.590984 0.005000 0.293443
0 0.148000 0.766393 0.006000 0.286885
0 0.220000 0.481967 0.006000 0.298361
0 0.264500 0.662295 0.005000 0.291803
0 0.355500 0.281148 0.005000 0.300000
0 0.564500 0.425410 0.005000 0.165574
0 0.646500 0.764754 0.005000 0.165574
0 0.787000 0.220492 0.004000 0.165574
1 0.027000 0.256557 0.020000 0.018033
1 0.056500 0.301639 0.021000 0.016393
1 0.107500 0.424590 0.021000 0.022951
4 0.222500 0.313115 0.025000 0.019672
4 0.355000 0.113115 0.018000 0.022951
4 0.565000 0.322131 0.022000 0.021311
4 0.788000 0.118033 0.022000 0.026230
3 0.046000 0.681967 0.016000 0.016393
3 0.095000 0.812295 0.018000 0.021311
3 0.148500 0.941803 0.017000 0.018033
2 0.265500 0.839344 0.019000 0.016393
2 0.444000 0.828689 0.016000 0.021311
2 0.647500 0.872951 0.021000 0.021311
2 0.916500 0.863115 0.017000 0.024590