1 0.162000 0.461475 0.020000 0.018033
1 0.242000 0.586066 0.020000 0.018033
1 0.328000 0.690164 0.022000 0.019672
1 0.576500 0.217213 0.019000 0.018033
1 0.739000 0.432787 0.020000 0.022951
3 0.100500 0.729508 0.021000 0.019672
3 0.239500 0.754918 0.015000 0.021311
3 0.315500 0.875410 0.015000 0.022951
3 0.378500 0.940984 0.015000 0.019672
3 0.536500 0.638525 0.015000 0.014754
3 0.620000 0.715574 0.014000 0.021311
3 0.724000 0.764754 0.014000 0.024590
3 0.785500 0.941803 0.019000 0.021311
2 0.917500 0.486066 0.019000 0.024590
4 0.444500 0.664754 0.019000 0.021311
4 0.668500 0.204098 0.017000 0.018033
4 0.895000 0.115574 0.016000 0.018033
0 0.576500 0.347541 0.005000 0.209836
0 0.099000 0.644262 0.004000 0.118033
0 0.160500 0.540164 0.005000 0.113115
0 0.316000 0.788525 0.006000 0.114754
0 0.327000 0.777049 0.006000 0.124590
0 0.378000 0.855738 0.006000 0.121311
0 0.537000 0.506557 0.006000 0.203279
0 0.621000 0.581148 0.006000 0.201639
0 0.667500 0.333607 0.005000 0.214754
0 0.725000 0.634426 0.006000 0.200000
0 0.737500 0.563115 0.003000 0.211475
0 0.784500 0.809016 0.003000 0.211475
0 0.895000 0.243443 0.004000 0.204918