0 0.033500 0.218852 0.005000 0.159016
0 0.304000 0.804918 0.008000 0.167213
0 0.366000 0.672951 0.006000 0.155738
0 0.640000 0.755738 0.008000 0.177049
0 0.734500 0.330328 0.007000 0.175410
0 0.761500 0.436885 0.007000 0.165574
0 0.791500 0.311475 0.003000 0.173770
1 0.367500 0.569672 0.025000 0.024590
1 0.735500 0.222131 0.023000 0.024590
4 0.793500 0.197541 0.021000 0.021311
3 0.304500 0.909016 0.021000 0.024590
3 0.443000 0.940164 0.022000 0.027869
3 0.641000 0.867213 0.022000 0.026230
3 0.908500 0.939344 0.019000 0.029508
2 0.765000 0.555738 0.024000 0.029508