0 0.116000 0.481148 0.006000 0.149180
0 0.125000 0.494262 0.006000 0.139344
0 0.269000 0.215574 0.004000 0.149180
0 0.311000 0.290984 0.006000 0.142623
0 0.333000 0.254918 0.006000 0.155738
0 0.404500 0.392623 0.005000 0.149180
0 0.549500 0.206557 0.003000 0.134426
0 0.630000 0.506557 0.006000 0.137705
0 0.688000 0.290984 0.004000 0.142623
0 0.718000 0.400000 0.004000 0.134426
0 0.724500 0.381148 0.005000 0.142623
0 0.813500 0.702459 0.007000 0.132787
0 0.890000 0.417213 0.004000 0.149180
0 0.906000 0.472951 0.008000 0.132787
4 0.117000 0.383607 0.022000 0.022951
4 0.270000 0.117213 0.022000 0.021311
4 0.553000 0.114754 0.020000 0.022951
1 0.334000 0.155738 0.022000 0.019672
1 0.446500 0.218033 0.019000 0.022951
1 0.688500 0.194262 0.019000 0.021311
1 0.728000 0.285246 0.024000 0.022951
1 0.890500 0.322131 0.027000 0.024590
1 0.918500 0.348361 0.021000 0.021311
2 0.312500 0.390164 0.023000 0.026230
2 0.630500 0.613115 0.017000 0.022951
2 0.719500 0.505738 0.021000 0.027869
2 0.906000 0.567213 0.022000 0.022951
3 0.404000 0.490164 0.018000 0.026230
3 0.815000 0.808197 0.020000 0.029508
2 0.125000 0.593443 0.016000 0.016393