2 0.815084 0.887772 0.018288 0.023930
1 0.778350 0.443937 0.020933 0.022391
1 0.642610 0.272155 0.020434 0.020301
4 0.913725 0.125123 0.020786 0.020746
3 0.370596 0.936687 0.018455 0.022957
1 0.328960 0.363789 0.022155 0.021935
3 0.317528 0.791381 0.018821 0.022486
1 0.249561 0.176519 0.021203 0.021327
1 0.278582 0.229031 0.020648 0.020221
3 0.731231 0.936346 0.017990 0.022599
2 0.230949 0.635229 0.018970 0.023092
3 0.268202 0.645514 0.017746 0.022043
3 0.591680 0.765955 0.018658 0.022195
4 0.443717 0.238079 0.020880 0.020710
3 0.117439 0.884803 0.018881 0.023115
4 0.034041 0.113566 0.019052 0.018301
0 0.199669 0.300866 0.006944 0.343965
0 0.268150 0.445779 0.007386 0.315968
0 0.116434 0.691067 0.006565 0.330883
0 0.316717 0.598131 0.007465 0.339193
0 0.590276 0.635687 0.006117 0.199410
0 0.776609 0.569957 0.006000 0.204726
0 0.730378 0.808412 0.006618 0.198599
0 0.276352 0.422029 0.007349 0.352176
0 0.327388 0.553343 0.006175 0.338320
0 0.230818 0.437045 0.007956 0.324139
0 0.369328 0.734384 0.007365 0.333018
0 0.641758 0.396850 0.005449 0.205371
0 0.248466 0.359351 0.007526 0.346627
0 0.813989 0.757506 0.006533 0.199781
0 0.267021 0.456305 0.006807 0.328545
0 0.032138 0.303169 0.007373 0.340615
5 0.203717 0.128459 0.042658 0.039706
