3 0.300500 0.535246 0.021000 0.024590
3 0.643500 0.943443 0.015000 0.024590
3 0.917500 0.454098 0.019000 0.022951
4 0.013000 0.437705 0.018000 0.019672
4 0.166000 0.197541 0.020000 0.021311
4 0.437000 0.114754 0.024000 0.022951
4 0.843000 0.183607 0.022000 0.022951
4 0.875000 0.116393 0.022000 0.019672
2 0.022000 0.631148 0.020000 0.019672
2 0.209500 0.449180 0.025000 0.022951
2 0.444500 0.302459 0.021000 0.018033
2 0.547500 0.659016 0.019000 0.026230
2 0.734500 0.717213 0.019000 0.024590
2 0.848500 0.393443 0.019000 0.022951
1 0.557500 0.448361 0.019000 0.021311
1 0.721000 0.478689 0.022000 0.022951
1 0.229000 0.234426 0.022000 0.022951
0 0.012500 0.527869 0.009000 0.121311
0 0.020500 0.533607 0.007000 0.116393
0 0.166000 0.290164 0.006000 0.131148
0 0.207000 0.355738 0.006000 0.121311
0 0.229000 0.323770 0.006000 0.136066
0 0.300000 0.444262 0.008000 0.121311
0 0.436500 0.202459 0.007000 0.126230
0 0.548000 0.566393 0.006000 0.142623
0 0.555500 0.541803 0.007000 0.136066
0 0.641500 0.842623 0.007000 0.137705
0 0.718500 0.576230 0.007000 0.139344
0 0.734000 0.622951 0.006000 0.121311
0 0.840000 0.270492 0.006000 0.127869
0 0.848500 0.289344 0.009000 0.122951
0 0.873000 0.211475 0.006000 0.137705