0 0.050500 0.704098 0.005000 0.122951
0 0.067000 0.726230 0.008000 0.124590
0 0.249500 0.424590 0.007000 0.121311
0 0.259000 0.433607 0.008000 0.116393
0 0.402000 0.202459 0.008000 0.126230
0 0.553000 0.841803 0.008000 0.132787
0 0.560000 0.818852 0.006000 0.136066
0 0.569000 0.845082 0.006000 0.129508
0 0.614000 0.720492 0.006000 0.145902
0 0.633000 0.774590 0.006000 0.129508
0 0.803000 0.210656 0.006000 0.139344
0 0.883500 0.476230 0.007000 0.129508
4 0.051500 0.618033 0.021000 0.019672
4 0.251000 0.337705 0.024000 0.022951
4 0.403000 0.117213 0.020000 0.018033
2 0.067000 0.810656 0.018000 0.024590
2 0.258500 0.521311 0.021000 0.019672
2 0.445500 0.354918 0.021000 0.027869
2 0.553000 0.934426 0.018000 0.026230
2 0.633500 0.871311 0.017000 0.021311
3 0.569500 0.941803 0.015000 0.018033
1 0.560500 0.728689 0.019000 0.024590
4 0.615000 0.622131 0.020000 0.021311
4 0.806000 0.118033 0.024000 0.019672
2 0.885000 0.572951 0.020000 0.027869
1 0.919500 0.277869 0.023000 0.024590