1 0.026500 0.256557 0.019000 0.018033
1 0.056500 0.302459 0.021000 0.021311
1 0.106000 0.422951 0.024000 0.016393
4 0.224000 0.312295 0.026000 0.024590
4 0.357000 0.116393 0.020000 0.019672
4 0.565500 0.321311 0.023000 0.022951
4 0.788000 0.115574 0.018000 0.018033
3 0.045500 0.680328 0.017000 0.019672
3 0.095000 0.812295 0.018000 0.024590
3 0.148000 0.940984 0.016000 0.019672
2 0.265500 0.839344 0.019000 0.022951
2 0.445500 0.831967 0.019000 0.027869
2 0.646500 0.871311 0.019000 0.027869
2 0.916000 0.861475 0.016000 0.024590
0 0.026000 0.426230 0.006000 0.298361
0 0.046000 0.509016 0.006000 0.300000
0 0.055000 0.470492 0.006000 0.301639
0 0.095000 0.636066 0.010000 0.288525
0 0.105500 0.594262 0.005000 0.303279
0 0.148000 0.768033 0.006000 0.293443
0 0.220500 0.484426 0.005000 0.300000
0 0.264500 0.661475 0.007000 0.286885
0 0.356500 0.286885 0.007000 0.298361
0 0.564000 0.428689 0.004000 0.172131
0 0.647000 0.758197 0.006000 0.149180
0 0.788000 0.223770 0.006000 0.172131