4 0.131000 0.118033 0.018000 0.019672
4 0.445000 0.300820 0.018000 0.018033
4 0.885500 0.116393 0.019000 0.019672
1 0.268500 0.331967 0.025000 0.021311
1 0.600500 0.326230 0.021000 0.022951
1 0.671500 0.372131 0.017000 0.022951
2 0.915000 0.464754 0.020000 0.024590
2 0.231000 0.756557 0.022000 0.021311
3 0.352500 0.920492 0.017000 0.018033
3 0.745000 0.939344 0.012000 0.019672
3 0.633500 0.697541 0.013000 0.024590
2 0.582500 0.634426 0.017000 0.022951
0 0.130500 0.263115 0.007000 0.250820
0 0.228000 0.607377 0.004000 0.240984
0 0.267500 0.477869 0.007000 0.244262
0 0.352000 0.767213 0.006000 0.245902
0 0.581500 0.518033 0.005000 0.177049
0 0.600500 0.436885 0.007000 0.178689
0 0.634500 0.590984 0.007000 0.155738
0 0.670000 0.484426 0.006000 0.175410
0 0.747000 0.824590 0.006000 0.163934
0 0.884000 0.230328 0.006000 0.175410