1 560.744751 129.224884 19.807068 13.938988
3 795.571655 458.813232 18.118652 14.306244
1 862.299316 371.345520 20.133484 13.508881
3 68.836357 381.978607 17.885181 13.488770
3 443.628326 573.277344 16.993164 12.946838
3 915.142029 572.581055 17.803223 13.629211
1 118.101349 154.309723 20.538597 12.987411
1 285.430481 162.005447 21.981140 13.198669
1 812.663757 321.059570 19.747925 12.960815
3 849.496033 499.626953 17.512085 13.686432
4 646.065308 69.865829 20.056335 12.769218
0 862.663574 421.999451 5.745178 74.679352
0 589.546021 229.656342 6.128113 75.483643
3 203.405365 444.639709 17.767380 12.993103
0 848.777222 443.558624 7.148499 74.770569
0 645.192017 123.275482 5.004150 80.585846
0 284.064514 236.031357 6.132660 121.165192
0 116.338165 228.264862 5.972847 121.913147
2 531.171875 285.132874 17.273926 15.522400
0 202.856750 368.816101 7.194229 119.082550
0 529.071899 229.978821 6.574707 75.091125
0 68.229286 305.945740 6.652878 118.832825
0 794.729248 402.703369 6.125916 74.598053
0 811.288208 372.688690 6.817383 77.000671
0 561.039062 179.641357 6.141541 73.917511
5 590.230469 285.826782 36.796204 30.705688
