3 0.244922 0.876528 0.018366 0.023144
3 0.443237 0.935991 0.017331 0.022098
4 0.640855 0.208009 0.021994 0.021372
1 0.876314 0.579719 0.019796 0.022065
1 0.794599 0.361391 0.019911 0.022024
4 0.333409 0.392242 0.020780 0.020987
1 0.194223 0.495978 0.020419 0.022126
3 0.182830 0.766740 0.018075 0.022035
3 0.913270 0.935673 0.017206 0.022491
2 0.663339 0.509040 0.020195 0.024426
3 0.530369 0.841011 0.015457 0.021133
3 0.105136 0.566763 0.016571 0.021465
3 0.782147 0.613560 0.017970 0.021825
3 0.861388 0.841400 0.017491 0.022224
1 0.108496 0.319801 0.018931 0.020824
4 0.710668 0.114058 0.018610 0.020149
0 0.793000 0.462726 0.005845 0.160570
1 0.029156 0.114914 0.019181 0.018042
0 0.332294 0.515636 0.005702 0.199977
0 0.193264 0.614423 0.006482 0.194675
0 0.182227 0.642492 0.007342 0.191979
0 0.028097 0.235420 0.004978 0.200733
0 0.529276 0.733862 0.006383 0.150770
0 0.244077 0.751644 0.006537 0.193605
0 0.860951 0.734209 0.007506 0.151938
0 0.639088 0.311847 0.005951 0.162078
0 0.662774 0.400730 0.006169 0.150865
0 0.708905 0.215668 0.005292 0.160767
0 0.781930 0.507262 0.007723 0.152148
