2 0.033203 0.530604 0.019324 0.023086
2 0.423466 0.759187 0.019173 0.024845
1 0.746199 0.262855 0.020961 0.022915
3 0.171749 0.936251 0.017218 0.022055
2 0.541894 0.825645 0.018365 0.024176
2 0.731200 0.518532 0.019427 0.024143
4 0.325432 0.143420 0.022129 0.021046
1 0.044514 0.225274 0.021189 0.021825
3 0.857465 0.871821 0.018835 0.022837
1 0.913425 0.448912 0.019582 0.021406
0 0.034491 0.385656 0.007703 0.229136
0 0.730408 0.413608 0.007021 0.147268
4 0.679901 0.113965 0.020682 0.021533
1 0.443544 0.410545 0.021297 0.022870
0 0.541502 0.719059 0.006643 0.148376
0 0.323580 0.285253 0.006988 0.238172
0 0.856192 0.766440 0.005989 0.152446
0 0.042936 0.370333 0.007137 0.238130
0 0.678623 0.215595 0.006137 0.157506
0 0.744420 0.364120 0.005866 0.157862
0 0.171399 0.789794 0.008200 0.235454
0 0.422648 0.612974 0.007292 0.234252
