0 0.050000 0.245082 0.004000 0.211475
0 0.205500 0.697541 0.009000 0.211475
0 0.215500 0.662295 0.005000 0.209836
0 0.267500 0.806557 0.005000 0.206557
0 0.355500 0.551639 0.005000 0.204918
0 0.569500 0.824590 0.005000 0.177049
0 0.679500 0.336066 0.003000 0.180328
0 0.703000 0.444262 0.006000 0.177049
0 0.749500 0.229508 0.005000 0.180328
0 0.822500 0.563934 0.005000 0.177049
0 0.833000 0.509016 0.006000 0.172131
0 0.901500 0.826230 0.005000 0.177049
1 0.050000 0.117213 0.016000 0.014754
1 0.130500 0.338525 0.019000 0.018033
1 0.217500 0.531967 0.019000 0.018033
3 0.126500 0.604918 0.017000 0.019672
3 0.206000 0.822131 0.018000 0.021311
3 0.268000 0.942623 0.018000 0.019672
1 0.835000 0.400000 0.016000 0.022951
4 0.355500 0.419672 0.019000 0.016393
3 0.569500 0.941803 0.015000 0.021311
4 0.681000 0.224590 0.022000 0.019672
4 0.750000 0.117213 0.018000 0.014754
2 0.703500 0.562295 0.015000 0.016393
3 0.823500 0.681148 0.017000 0.018033
1 0.917500 0.651639 0.019000 0.018033
3 0.903000 0.942623 0.016000 0.019672