2 0.738419 0.626251 0.019447 0.023288
1 0.913616 0.214522 0.020535 0.022337
2 0.605378 0.754261 0.019387 0.022845
4 0.580300 0.531635 0.022882 0.022595
2 0.254069 0.755751 0.020167 0.024465
4 0.647375 0.471298 0.021914 0.022353
2 0.672601 0.706822 0.017977 0.022471
2 0.443322 0.342665 0.018764 0.023659
4 0.238602 0.506276 0.022117 0.021184
2 0.023830 0.828904 0.018953 0.025058
4 0.720465 0.410326 0.023036 0.023626
3 0.145442 0.936166 0.018757 0.021933
2 0.905955 0.397191 0.017849 0.023375
1 0.062718 0.527022 0.022673 0.022741
4 0.436763 0.113103 0.021956 0.021050
4 0.864882 0.114204 0.021972 0.022696
0 0.604132 0.667519 0.006545 0.108141
0 0.253001 0.643054 0.007432 0.166536
0 0.737202 0.540056 0.006515 0.110357
0 0.144459 0.826172 0.008233 0.168365
0 0.863135 0.194986 0.006773 0.117593
0 0.237038 0.614734 0.006383 0.169479
0 0.580740 0.610052 0.006623 0.111234
0 0.672219 0.622556 0.008293 0.111980
0 0.435219 0.221281 0.006868 0.165943
0 0.645926 0.552409 0.006812 0.116563
0 0.060532 0.633900 0.006493 0.172383
0 0.023658 0.716686 0.007850 0.164448
0 0.904671 0.310649 0.006882 0.111099
