3 0.646990 0.873039 0.018388 0.022609
3 0.443387 0.936321 0.017266 0.021776
2 0.768366 0.556464 0.019100 0.023792
1 0.368762 0.568717 0.020509 0.021075
3 0.912937 0.936077 0.016985 0.022097
4 0.799004 0.197241 0.020464 0.020564
1 0.743116 0.218974 0.020199 0.021115
3 0.306488 0.907761 0.016570 0.021817
1 0.037496 0.113932 0.018417 0.019877
0 0.741999 0.330760 0.005863 0.177330
0 0.527433 0.223448 0.005185 0.174009
0 0.798094 0.309899 0.004962 0.181244
0 0.367327 0.670438 0.005397 0.161155
0 0.767214 0.441263 0.006926 0.169831
0 0.646604 0.759388 0.006982 0.174152
0 0.036727 0.217141 0.004970 0.161920
0 0.305843 0.802432 0.006403 0.155958
