0 0.036000 0.510656 0.008000 0.132787
0 0.047000 0.522131 0.006000 0.126230
0 0.189000 0.262295 0.006000 0.131148
0 0.232500 0.331967 0.007000 0.129508
0 0.254000 0.296721 0.006000 0.131148
0 0.325500 0.424590 0.007000 0.131148
0 0.583000 0.413934 0.006000 0.142623
0 0.613000 0.528689 0.006000 0.145902
0 0.620000 0.503279 0.006000 0.150820
0 0.708000 0.840164 0.008000 0.149180
0 0.785000 0.544262 0.008000 0.154098
0 0.800500 0.597541 0.007000 0.139344
0 0.905000 0.218033 0.006000 0.154098
4 0.039500 0.420492 0.021000 0.018033
4 0.189500 0.168852 0.025000 0.022951
4 0.444000 0.117213 0.024000 0.018033
4 0.908500 0.118033 0.027000 0.016393
2 0.046000 0.616393 0.016000 0.019672
2 0.233500 0.428689 0.023000 0.021311
2 0.615500 0.633607 0.023000 0.027869
2 0.799500 0.695082 0.025000 0.026230
2 0.914500 0.343443 0.019000 0.021311
1 0.257000 0.209016 0.020000 0.021311
1 0.584500 0.316393 0.015000 0.026230
1 0.621500 0.406557 0.019000 0.022951
1 0.787500 0.442623 0.025000 0.026230
3 0.326000 0.521311 0.020000 0.022951
3 0.708500 0.941803 0.017000 0.021311