2 0.861825 0.887781 0.018229 0.023560
2 0.274900 0.635178 0.018548 0.022392
1 0.824953 0.443746 0.020380 0.021678
4 0.913477 0.369080 0.019898 0.019833
1 0.293544 0.176475 0.020269 0.020773
1 0.443302 0.446064 0.020660 0.021626
3 0.638488 0.765926 0.018606 0.022289
1 0.689445 0.272158 0.020157 0.019885
1 0.372987 0.363911 0.020986 0.021888
3 0.312708 0.645527 0.017813 0.021981
3 0.161700 0.885037 0.019638 0.023127
2 0.030986 0.708385 0.019338 0.022147
3 0.777934 0.936173 0.018045 0.022441
1 0.322325 0.229080 0.021000 0.020292
3 0.361379 0.790629 0.018790 0.022644
3 0.414592 0.936329 0.018080 0.022773
4 0.077999 0.113787 0.019246 0.018468
4 0.561212 0.113160 0.018892 0.018797
0 0.160483 0.689977 0.007214 0.333122
0 0.637145 0.636478 0.006119 0.201959
0 0.414079 0.743813 0.007212 0.324573
0 0.776977 0.807425 0.006557 0.198586
0 0.371551 0.549750 0.007253 0.330517
0 0.292190 0.358203 0.007130 0.348612
0 0.823389 0.569044 0.005397 0.203887
0 0.321161 0.420349 0.006770 0.325994
0 0.360581 0.598114 0.006771 0.327206
0 0.560084 0.239363 0.004874 0.206532
0 0.030524 0.514500 0.008122 0.323007
0 0.076641 0.304018 0.005743 0.338486
0 0.860729 0.757739 0.006718 0.200531
0 0.244082 0.304399 0.005798 0.341452
0 0.275238 0.446564 0.007621 0.335983
5 0.248720 0.129885 0.043387 0.037380
